Vertex Count: 1728

Data:

21.6407 0 80.7641 0 0.9583 0.2588 0 0.9659
21.4597 2.6098 80.0886 0.0833 0.9583 0.2255 0.4909 0.8415
-0 0 83.6132 0 1 -0 0 1
21.4597 2.6098 80.0886 0.0833 0.9583 0.2255 0.4909 0.8415
-0 2.6098 82.9139 0.0833 1 -0 0.4909 0.8712
-0 0 83.6132 0 1 -0 0 1
21.4597 2.6098 80.0886 0.0833 0.9583 0.2255 0.4909 0.8415
20.9652 4.5203 78.2432 0.1667 0.9583 0.1335 0.8567 0.4982
-0 2.6098 82.9139 0.0833 1 -0 0.4909 0.8712
20.9652 4.5203 78.2432 0.1667 0.9583 0.1335 0.8567 0.4982
-0 4.5203 81.0034 0.1667 1 -0 0.8567 0.5158
-0 2.6098 82.9139 0.0833 1 -0 0.4909 0.8712
20.9652 4.5203 78.2432 0.1667 0.9583 0.1335 0.8567 0.4982
20.2898 5.2196 75.7224 0.25 0.9583 0.0056 0.9998 0.0208
-0 4.5203 81.0034 0.1667 1 -0 0.8567 0.5158
20.2898 5.2196 75.7224 0.25 0.9583 0.0056 0.9998 0.0208
-0 5.2196 78.3936 0.25 1 -0 0.9998 0.0216
-0 4.5203 81.0034 0.1667 1 -0 0.8567 0.5158
20.2898 5.2196 75.7224 0.25 0.9583 0.0056 0.9998 0.0208
19.6143 4.5203 73.2015 0.3333 0.9583 -0.1251 0.8753 -0.467
-0 5.2196 78.3936 0.25 1 -0 0.9998 0.0216
19.6143 4.5203 73.2015 0.3333 0.9583 -0.1251 0.8753 -0.467
-0 4.5203 75.7838 0.3333 1 0 0.8753 -0.4835
-0 5.2196 78.3936 0.25 1 -0 0.9998 0.0216
19.6143 4.5203 73.2015 0.3333 0.9583 -0.1251 0.8753 -0.467
19.1198 2.6098 71.3561 0.4167 0.9583 -0.2227 0.5096 -0.8311
-0 4.5203 75.7838 0.3333 1 0 0.8753 -0.4835
19.1198 2.6098 71.3561 0.4167 0.9583 -0.2227 0.5096 -0.8311
-0 2.6098 73.8733 0.4167 1 0 0.5096 -0.8604
-0 4.5203 75.7838 0.3333 1 0 0.8753 -0.4835
19.1198 2.6098 71.3561 0.4167 0.9583 -0.2227 0.5096 -0.8311
18.9388 0 70.6807 0.5 0.9583 -0.2588 -0 -0.9659
-0 2.6098 73.8733 0.4167 1 0 0.5096 -0.8604
18.9388 0 70.6807 0.5 0.9583 -0.2588 -0 -0.9659
-0 0 73.174 0.5 1 0 0 -1
-0 2.6098 73.8733 0.4167 1 0 0.5096 -0.8604
18.9388 0 70.6807 0.5 0.9583 -0.2588 -0 -0.9659
19.1198 -2.6098 71.3561 0.5833 0.9583 -0.2227 -0.5095 -0.8311
-0 0 73.174 0.5 1 0 0 -1
19.1198 -2.6098 71.3561 0.5833 0.9583 -0.2227 -0.5095 -0.8311
-0 -2.6098 73.8733 0.5833 1 0 -0.5096 -0.8604
-0 0 73.174 0.5 1 0 0 -1
19.1198 -2.6098 71.3561 0.5833 0.9583 -0.2227 -0.5095 -0.8311
19.6143 -4.5203 73.2015 0.6667 0.9583 -0.1251 -0.8753 -0.467
-0 -2.6098 73.8733 0.5833 1 0 -0.5096 -0.8604
19.6143 -4.5203 73.2015 0.6667 0.9583 -0.1251 -0.8753 -0.467
-0 -4.5203 75.7838 0.6667 1 0 -0.8753 -0.4835
-0 -2.6098 73.8733 0.5833 1 0 -0.5096 -0.8604
19.6143 -4.5203 73.2015 0.6667 0.9583 -0.1251 -0.8753 -0.467
20.2898 -5.2196 75.7224 0.75 0.9583 0.0056 -0.9998 0.0208
-0 -4.5203 75.7838 0.6667 1 0 -0.8753 -0.4835
20.2898 -5.2196 75.7224 0.75 0.9583 0.0056 -0.9998 0.0208
-0 -5.2196 78.3936 0.75 1 0 -0.9998 0.0216
-0 -4.5203 75.7838 0.6667 1 0 -0.8753 -0.4835
20.2898 -5.2196 75.7224 0.75 0.9583 0.0056 -0.9998 0.0208
20.9652 -4.5203 78.2432 0.8333 0.9583 0.1335 -0.8567 0.4982
-0 -5.2196 78.3936 0.75 1 0 -0.9998 0.0216
20.9652 -4.5203 78.2432 0.8333 0.9583 0.1335 -0.8567 0.4982
-0 -4.5203 81.0034 0.8333 1 -0 -0.8567 0.5158
-0 -5.2196 78.3936 0.75 1 0 -0.9998 0.0216
20.9652 -4.5203 78.2432 0.8333 0.9583 0.1335 -0.8567 0.4982
21.4597 -2.6098 80.0886 0.9167 0.9583 0.2255 -0.4909 0.8415
-0 -4.5203 81.0034 0.8333 1 -0 -0.8567 0.5158
21.4597 -2.6098 80.0886 0.9167 0.9583 0.2255 -0.4909 0.8415
-0 -2.6098 82.9139 0.9167 1 -0 -0.4909 0.8712
-0 -4.5203 81.0034 0.8333 1 -0 -0.8567 0.5158
21.4597 -2.6098 80.0886 0.9167 0.9583 0.2255 -0.4909 0.8415
21.6407 0 80.7641 1 0.9583 0.2588 0 0.9659
-0 -2.6098 82.9139 0.9167 1 -0 -0.4909 0.8712
21.6407 0 80.7641 1 0.9583 0.2588 0 0.9659
-0 0 83.6132 1 1 -0 0 1
-0 -2.6098 82.9139 0.9167 1 -0 -0.4909 0.8712
41.8066 0 72.4111 0 0.9167 0.5 0 0.866
41.4569 2.6098 71.8055 0.0833 0.9167 0.4356 0.4909 0.7545
21.6407 0 80.7641 0 0.9583 0.2588 0 0.9659
41.4569 2.6098 71.8055 0.0833 0.9167 0.4356 0.4909 0.7545
21.4597 2.6098 80.0886 0.0833 0.9583 0.2255 0.4909 0.8415
21.6407 0 80.7641 0 0.9583 0.2588 0 0.9659
41.4569 2.6098 71.8055 0.0833 0.9167 0.4356 0.4909 0.7545
40.5017 4.5203 70.151 0.1667 0.9167 0.2579 0.8567 0.4467
21.4597 2.6098 80.0886 0.0833 0.9583 0.2255 0.4909 0.8415
40.5017 4.5203 70.151 0.1667 0.9167 0.2579 0.8567 0.4467
20.9652 4.5203 78.2432 0.1667 0.9583 0.1335 0.8567 0.4982
21.4597 2.6098 80.0886 0.0833 0.9583 0.2255 0.4909 0.8415
40.5017 4.5203 70.151 0.1667 0.9167 0.2579 0.8567 0.4467
39.1968 5.2196 67.8908 0.25 0.9167 0.0108 0.9998 0.0187
20.9652 4.5203 78.2432 0.1667 0.9583 0.1335 0.8567 0.4982
39.1968 5.2196 67.8908 0.25 0.9167 0.0108 0.9998 0.0187
20.2898 5.2196 75.7224 0.25 0.9583 0.0056 0.9998 0.0208
20.9652 4.5203 78.2432 0.1667 0.9583 0.1335 0.8567 0.4982
39.1968 5.2196 67.8908 0.25 0.9167 0.0108 0.9998 0.0187
37.8919 4.5203 65.6307 0.3333 0.9167 -0.2417 0.8753 -0.4187
20.2898 5.2196 75.7224 0.25 0.9583 0.0056 0.9998 0.0208
37.8919 4.5203 65.6307 0.3333 0.9167 -0.2417 0.8753 -0.4187
19.6143 4.5203 73.2015 0.3333 0.9583 -0.1251 0.8753 -0.467
20.2898 5.2196 75.7224 0.25 0.9583 0.0056 0.9998 0.0208
37.8919 4.5203 65.6307 0.3333 0.9167 -0.2417 0.8753 -0.4187
36.9367 2.6098 63.9762 0.4167 0.9167 -0.4302 0.5096 -0.7452
19.6143 4.5203 73.2015 0.3333 0.9583 -0.1251 0.8753 -0.467
36.9367 2.6098 63.9762 0.4167 0.9167 -0.4302 0.5096 -0.7452
19.1198 2.6098 71.3561 0.4167 0.9583 -0.2227 0.5096 -0.8311
19.6143 4.5203 73.2015 0.3333 0.9583 -0.1251 0.8753 -0.467
36.9367 2.6098 63.9762 0.4167 0.9167 -0.4302 0.5096 -0.7452
36.587 0 63.3706 0.5 0.9167 -0.5 0 -0.866
19.1198 2.6098 71.3561 0.4167 0.9583 -0.2227 0.5096 -0.8311
36.587 0 63.3706 0.5 0.9167 -0.5 0 -0.866
18.9388 0 70.6807 0.5 0.9583 -0.2588 -0 -0.9659
19.1198 2.6098 71.3561 0.4167 0.9583 -0.2227 0.5096 -0.8311
36.587 0 63.3706 0.5 0.9167 -0.5 0 -0.866
36.9367 -2.6098 63.9762 0.5833 0.9167 -0.4302 -0.5096 -0.7452
18.9388 0 70.6807 0.5 0.9583 -0.2588 -0 -0.9659
36.9367 -2.6098 63.9762 0.5833 0.9167 -0.4302 -0.5096 -0.7452
19.1198 -2.6098 71.3561 0.5833 0.9583 -0.2227 -0.5095 -0.8311
18.9388 0 70.6807 0.5 0.9583 -0.2588 -0 -0.9659
36.9367 -2.6098 63.9762 0.5833 0.9167 -0.4302 -0.5096 -0.7452
37.8919 -4.5203 65.6307 0.6667 0.9167 -0.2417 -0.8753 -0.4187
19.1198 -2.6098 71.3561 0.5833 0.9583 -0.2227 -0.5095 -0.8311
37.8919 -4.5203 65.6307 0.6667 0.9167 -0.2417 -0.8753 -0.4187
19.6143 -4.5203 73.2015 0.6667 0.9583 -0.1251 -0.8753 -0.467
19.1198 -2.6098 71.3561 0.5833 0.9583 -0.2227 -0.5095 -0.8311
37.8919 -4.5203 65.6307 0.6667 0.9167 -0.2417 -0.8753 -0.4187
39.1968 -5.2196 67.8908 0.75 0.9167 0.0108 -0.9998 0.0187
19.6143 -4.5203 73.2015 0.6667 0.9583 -0.1251 -0.8753 -0.467
39.1968 -5.2196 67.8908 0.75 0.9167 0.0108 -0.9998 0.0187
20.2898 -5.2196 75.7224 0.75 0.9583 0.0056 -0.9998 0.0208
19.6143 -4.5203 73.2015 0.6667 0.9583 -0.1251 -0.8753 -0.467
39.1968 -5.2196 67.8908 0.75 0.9167 0.0108 -0.9998 0.0187
40.5017 -4.5203 70.151 0.8333 0.9167 0.2579 -0.8567 0.4467
20.2898 -5.2196 75.7224 0.75 0.9583 0.0056 -0.9998 0.0208
40.5017 -4.5203 70.151 0.8333 0.9167 0.2579 -0.8567 0.4467
20.9652 -4.5203 78.2432 0.8333 0.9583 0.1335 -0.8567 0.4982
20.2898 -5.2196 75.7224 0.75 0.9583 0.0056 -0.9998 0.0208
40.5017 -4.5203 70.151 0.8333 0.9167 0.2579 -0.8567 0.4467
41.4569 -2.6098 71.8055 0.9167 0.9167 0.4356 -0.4909 0.7545
20.9652 -4.5203 78.2432 0.8333 0.9583 0.1335 -0.8567 0.4982
41.4569 -2.6098 71.8055 0.9167 0.9167 0.4356 -0.4909 0.7545
21.4597 -2.6098 80.0886 0.9167 0.9583 0.2255 -0.4909 0.8415
20.9652 -4.5203 78.2432 0.8333 0.9583 0.1335 -0.8567 0.4982
41.4569 -2.6098 71.8055 0.9167 0.9167 0.4356 -0.4909 0.7545
41.8066 0 72.4111 1 0.9167 0.5 0 0.866
21.4597 -2.6098 80.0886 0.9167 0.9583 0.2255 -0.4909 0.8415
41.8066 0 72.4111 1 0.9167 0.5 0 0.866
21.6407 0 80.7641 1 0.9583 0.2588 0 0.9659
21.4597 -2.6098 80.0886 0.9167 0.9583 0.2255 -0.4909 0.8415
59.1234 0 59.1234 0 0.875 0.7071 0 0.7071
58.629 2.6098 58.629 0.0833 0.875 0.616 0.4909 0.616
41.8066 0 72.4111 0 0.9167 0.5 0 0.866
58.629 2.6098 58.629 0.0833 0.875 0.616 0.4909 0.616
41.4569 2.6098 71.8055 0.0833 0.9167 0.4356 0.4909 0.7545
41.8066 0 72.4111 0 0.9167 0.5 0 0.866
58.629 2.6098 58.629 0.0833 0.875 0.616 0.4909 0.616
57.278 4.5203 57.278 0.1667 0.875 0.3647 0.8567 0.3647
41.4569 2.6098 71.8055 0.0833 0.9167 0.4356 0.4909 0.7545
57.278 4.5203 57.278 0.1667 0.875 0.3647 0.8567 0.3647
40.5017 4.5203 70.151 0.1667 0.9167 0.2579 0.8567 0.4467
41.4569 2.6098 71.8055 0.0833 0.9167 0.4356 0.4909 0.7545
57.278 4.5203 57.278 0.1667 0.875 0.3647 0.8567 0.3647
55.4326 5.2196 55.4326 0.25 0.875 0.0152 0.9998 0.0152
40.5017 4.5203 70.151 0.1667 0.9167 0.2579 0.8567 0.4467
55.4326 5.2196 55.4326 0.25 0.875 0.0152 0.9998 0.0152
39.1968 5.2196 67.8908 0.25 0.9167 0.0108 0.9998 0.0187
40.5017 4.5203 70.151 0.1667 0.9167 0.2579 0.8567 0.4467
55.4326 5.2196 55.4326 0.25 0.875 0.0152 0.9998 0.0152
53.5872 4.5203 53.5872 0.3333 0.875 -0.3419 0.8753 -0.3419
39.1968 5.2196 67.8908 0.25 0.9167 0.0108 0.9998 0.0187
53.5872 4.5203 53.5872 0.3333 0.875 -0.3419 0.8753 -0.3419
37.8919 4.5203 65.6307 0.3333 0.9167 -0.2417 0.8753 -0.4187
39.1968 5.2196 67.8908 0.25 0.9167 0.0108 0.9998 0.0187
53.5872 4.5203 53.5872 0.3333 0.875 -0.3419 0.8753 -0.3419
52.2363 2.6098 52.2363 0.4167 0.875 -0.6084 0.5095 -0.6084
37.8919 4.5203 65.6307 0.3333 0.9167 -0.2417 0.8753 -0.4187
52.2363 2.6098 52.2363 0.4167 0.875 -0.6084 0.5095 -0.6084
36.9367 2.6098 63.9762 0.4167 0.9167 -0.4302 0.5096 -0.7452
37.8919 4.5203 65.6307 0.3333 0.9167 -0.2417 0.8753 -0.4187
52.2363 2.6098 52.2363 0.4167 0.875 -0.6084 0.5095 -0.6084
51.7419 0 51.7419 0.5 0.875 -0.7071 0 -0.7071
36.9367 2.6098 63.9762 0.4167 0.9167 -0.4302 0.5096 -0.7452
51.7419 0 51.7419 0.5 0.875 -0.7071 0 -0.7071
36.587 0 63.3706 0.5 0.9167 -0.5 0 -0.866
36.9367 2.6098 63.9762 0.4167 0.9167 -0.4302 0.5096 -0.7452
51.7419 0 51.7419 0.5 0.875 -0.7071 0 -0.7071
52.2363 -2.6098 52.2363 0.5833 0.875 -0.6084 -0.5095 -0.6084
36.587 0 63.3706 0.5 0.9167 -0.5 0 -0.866
52.2363 -2.6098 52.2363 0.5833 0.875 -0.6084 -0.5095 -0.6084
36.9367 -2.6098 63.9762 0.5833 0.9167 -0.4302 -0.5096 -0.7452
36.587 0 63.3706 0.5 0.9167 -0.5 0 -0.866
52.2363 -2.6098 52.2363 0.5833 0.875 -0.6084 -0.5095 -0.6084
53.5872 -4.5203 53.5872 0.6667 0.875 -0.3419 -0.8753 -0.3419
36.9367 -2.6098 63.9762 0.5833 0.9167 -0.4302 -0.5096 -0.7452
53.5872 -4.5203 53.5872 0.6667 0.875 -0.3419 -0.8753 -0.3419
37.8919 -4.5203 65.6307 0.6667 0.9167 -0.2417 -0.8753 -0.4187
36.9367 -2.6098 63.9762 0.5833 0.9167 -0.4302 -0.5096 -0.7452
53.5872 -4.5203 53.5872 0.6667 0.875 -0.3419 -0.8753 -0.3419
55.4326 -5.2196 55.4326 0.75 0.875 0.0152 -0.9998 0.0152
37.8919 -4.5203 65.6307 0.6667 0.9167 -0.2417 -0.8753 -0.4187
55.4326 -5.2196 55.4326 0.75 0.875 0.0152 -0.9998 0.0152
39.1968 -5.2196 67.8908 0.75 0.9167 0.0108 -0.9998 0.0187
37.8919 -4.5203 65.6307 0.6667 0.9167 -0.2417 -0.8753 -0.4187
55.4326 -5.2196 55.4326 0.75 0.875 0.0152 -0.9998 0.0152
57.278 -4.5203 57.278 0.8333 0.875 0.3647 -0.8567 0.3647
39.1968 -5.2196 67.8908 0.75 0.9167 0.0108 -0.9998 0.0187
57.278 -4.5203 57.278 0.8333 0.875 0.3647 -0.8567 0.3647
40.5017 -4.5203 70.151 0.8333 0.9167 0.2579 -0.8567 0.4467
39.1968 -5.2196 67.8908 0.75 0.9167 0.0108 -0.9998 0.0187
57.278 -4.5203 57.278 0.8333 0.875 0.3647 -0.8567 0.3647
58.629 -2.6098 58.629 0.9167 0.875 0.616 -0.4909 0.616
40.5017 -4.5203 70.151 0.8333 0.9167 0.2579 -0.8567 0.4467
58.629 -2.6098 58.629 0.9167 0.875 0.616 -0.4909 0.616
41.4569 -2.6098 71.8055 0.9167 0.9167 0.4356 -0.4909 0.7545
40.5017 -4.5203 70.151 0.8333 0.9167 0.2579 -0.8567 0.4467
58.629 -2.6098 58.629 0.9167 0.875 0.616 -0.4909 0.616
59.1234 0 59.1234 1 0.875 0.7071 0 0.7071
41.4569 -2.6098 71.8055 0.9167 0.9167 0.4356 -0.4909 0.7545
59.1234 0 59.1234 1 0.875 0.7071 0 0.7071
41.8066 0 72.4111 1 0.9167 0.5 0 0.866
41.4569 -2.6098 71.8055 0.9167 0.9167 0.4356 -0.4909 0.7545
72.4111 0 41.8066 0 0.8333 0.866 0 0.5
71.8055 2.6098 41.4569 0.0833 0.8333 0.7545 0.4909 0.4356
59.1234 0 59.1234 0 0.875 0.7071 0 0.7071
71.8055 2.6098 41.4569 0.0833 0.8333 0.7545 0.4909 0.4356
58.629 2.6098 58.629 0.0833 0.875 0.616 0.4909 0.616
59.1234 0 59.1234 0 0.875 0.7071 0 0.7071
71.8055 2.6098 41.4569 0.0833 0.8333 0.7545 0.4909 0.4356
70.151 4.5203 40.5017 0.1667 0.8333 0.4467 0.8567 0.2579
58.629 2.6098 58.629 0.0833 0.875 0.616 0.4909 0.616
70.151 4.5203 40.5017 0.1667 0.8333 0.4467 0.8567 0.2579
57.278 4.5203 57.278 0.1667 0.875 0.3647 0.8567 0.3647
58.629 2.6098 58.629 0.0833 0.875 0.616 0.4909 0.616
70.151 4.5203 40.5017 0.1667 0.8333 0.4467 0.8567 0.2579
67.8908 5.2196 39.1968 0.25 0.8333 0.0187 0.9998 0.0108
57.278 4.5203 57.278 0.1667 0.875 0.3647 0.8567 0.3647
67.8908 5.2196 39.1968 0.25 0.8333 0.0187 0.9998 0.0108
55.4326 5.2196 55.4326 0.25 0.875 0.0152 0.9998 0.0152
57.278 4.5203 57.278 0.1667 0.875 0.3647 0.8567 0.3647
67.8908 5.2196 39.1968 0.25 0.8333 0.0187 0.9998 0.0108
65.6307 4.5203 37.8919 0.3333 0.8333 -0.4187 0.8753 -0.2417
55.4326 5.2196 55.4326 0.25 0.875 0.0152 0.9998 0.0152
65.6307 4.5203 37.8919 0.3333 0.8333 -0.4187 0.8753 -0.2417
53.5872 4.5203 53.5872 0.3333 0.875 -0.3419 0.8753 -0.3419
55.4326 5.2196 55.4326 0.25 0.875 0.0152 0.9998 0.0152
65.6307 4.5203 37.8919 0.3333 0.8333 -0.4187 0.8753 -0.2417
63.9762 2.6098 36.9367 0.4167 0.8333 -0.7452 0.5096 -0.4302
53.5872 4.5203 53.5872 0.3333 0.875 -0.3419 0.8753 -0.3419
63.9762 2.6098 36.9367 0.4167 0.8333 -0.7452 0.5096 -0.4302
52.2363 2.6098 52.2363 0.4167 0.875 -0.6084 0.5095 -0.6084
53.5872 4.5203 53.5872 0.3333 0.875 -0.3419 0.8753 -0.3419
63.9762 2.6098 36.9367 0.4167 0.8333 -0.7452 0.5096 -0.4302
63.3706 0 36.587 0.5 0.8333 -0.866 -0 -0.5
52.2363 2.6098 52.2363 0.4167 0.875 -0.6084 0.5095 -0.6084
63.3706 0 36.587 0.5 0.8333 -0.866 -0 -0.5
51.7419 0 51.7419 0.5 0.875 -0.7071 0 -0.7071
52.2363 2.6098 52.2363 0.4167 0.875 -0.6084 0.5095 -0.6084
63.3706 0 36.587 0.5 0.8333 -0.866 -0 -0.5
63.9762 -2.6098 36.9367 0.5833 0.8333 -0.7452 -0.5096 -0.4302
51.7419 0 51.7419 0.5 0.875 -0.7071 0 -0.7071
63.9762 -2.6098 36.9367 0.5833 0.8333 -0.7452 -0.5096 -0.4302
52.2363 -2.6098 52.2363 0.5833 0.875 -0.6084 -0.5095 -0.6084
51.7419 0 51.7419 0.5 0.875 -0.7071 0 -0.7071
63.9762 -2.6098 36.9367 0.5833 0.8333 -0.7452 -0.5096 -0.4302
65.6307 -4.5203 37.8919 0.6667 0.8333 -0.4187 -0.8753 -0.2417
52.2363 -2.6098 52.2363 0.5833 0.875 -0.6084 -0.5095 -0.6084
65.6307 -4.5203 37.8919 0.6667 0.8333 -0.4187 -0.8753 -0.2417
53.5872 -4.5203 53.5872 0.6667 0.875 -0.3419 -0.8753 -0.3419
52.2363 -2.6098 52.2363 0.5833 0.875 -0.6084 -0.5095 -0.6084
65.6307 -4.5203 37.8919 0.6667 0.8333 -0.4187 -0.8753 -0.2417
67.8908 -5.2196 39.1968 0.75 0.8333 0.0187 -0.9998 0.0108
53.5872 -4.5203 53.5872 0.6667 0.875 -0.3419 -0.8753 -0.3419
67.8908 -5.2196 39.1968 0.75 0.8333 0.0187 -0.9998 0.0108
55.4326 -5.2196 55.4326 0.75 0.875 0.0152 -0.9998 0.0152
53.5872 -4.5203 53.5872 0.6667 0.875 -0.3419 -0.8753 -0.3419
67.8908 -5.2196 39.1968 0.75 0.8333 0.0187 -0.9998 0.0108
70.151 -4.5203 40.5017 0.8333 0.8333 0.4467 -0.8567 0.2579
55.4326 -5.2196 55.4326 0.75 0.875 0.0152 -0.9998 0.0152
70.151 -4.5203 40.5017 0.8333 0.8333 0.4467 -0.8567 0.2579
57.278 -4.5203 57.278 0.8333 0.875 0.3647 -0.8567 0.3647
55.4326 -5.2196 55.4326 0.75 0.875 0.0152 -0.9998 0.0152
70.151 -4.5203 40.5017 0.8333 0.8333 0.4467 -0.8567 0.2579
71.8055 -2.6098 41.4569 0.9167 0.8333 0.7545 -0.4909 0.4356
57.278 -4.5203 57.278 0.8333 0.875 0.3647 -0.8567 0.3647
71.8055 -2.6098 41.4569 0.9167 0.8333 0.7545 -0.4909 0.4356
58.629 -2.6098 58.629 0.9167 0.875 0.616 -0.4909 0.616
57.278 -4.5203 57.278 0.8333 0.875 0.3647 -0.8567 0.3647
71.8055 -2.6098 41.4569 0.9167 0.8333 0.7545 -0.4909 0.4356
72.4111 0 41.8066 1 0.8333 0.866 0 0.5
58.629 -2.6098 58.629 0.9167 0.875 0.616 -0.4909 0.616
72.4111 0 41.8066 1 0.8333 0.866 0 0.5
59.1234 0 59.1234 1 0.875 0.7071 0 0.7071
58.629 -2.6098 58.629 0.9167 0.875 0.616 -0.4909 0.616
80.7641 0 21.6407 0 0.7917 0.9659 0 0.2588
80.0886 2.6098 21.4597 0.0833 0.7917 0.8415 0.4909 0.2255
72.4111 0 41.8066 0 0.8333 0.866 0 0.5
80.0886 2.6098 21.4597 0.0833 0.7917 0.8415 0.4909 0.2255
71.8055 2.6098 41.4569 0.0833 0.8333 0.7545 0.4909 0.4356
72.4111 0 41.8066 0 0.8333 0.866 0 0.5
80.0886 2.6098 21.4597 0.0833 0.7917 0.8415 0.4909 0.2255
78.2432 4.5203 20.9652 0.1667 0.7917 0.4982 0.8567 0.1335
71.8055 2.6098 41.4569 0.0833 0.8333 0.7545 0.4909 0.4356
78.2432 4.5203 20.9652 0.1667 0.7917 0.4982 0.8567 0.1335
70.151 4.5203 40.5017 0.1667 0.8333 0.4467 0.8567 0.2579
71.8055 2.6098 41.4569 0.0833 0.8333 0.7545 0.4909 0.4356
78.2432 4.5203 20.9652 0.1667 0.7917 0.4982 0.8567 0.1335
75.7224 5.2196 20.2898 0.25 0.7917 0.0208 0.9998 0.0056
70.151 4.5203 40.5017 0.1667 0.8333 0.4467 0.8567 0.2579
75.7224 5.2196 20.2898 0.25 0.7917 0.0208 0.9998 0.0056
67.8908 5.2196 39.1968 0.25 0.8333 0.0187 0.9998 0.0108
70.151 4.5203 40.5017 0.1667 0.8333 0.4467 0.8567 0.2579
75.7224 5.2196 20.2898 0.25 0.7917 0.0208 0.9998 0.0056
73.2015 4.5203 19.6143 0.3333 0.7917 -0.467 0.8753 -0.1251
67.8908 5.2196 39.1968 0.25 0.8333 0.0187 0.9998 0.0108
73.2015 4.5203 19.6143 0.3333 0.7917 -0.467 0.8753 -0.1251
65.6307 4.5203 37.8919 0.3333 0.8333 -0.4187 0.8753 -0.2417
67.8908 5.2196 39.1968 0.25 0.8333 0.0187 0.9998 0.0108
73.2015 4.5203 19.6143 0.3333 0.7917 -0.467 0.8753 -0.1251
71.3561 2.6098 19.1198 0.4167 0.7917 -0.8311 0.5096 -0.2227
65.6307 4.5203 37.8919 0.3333 0.8333 -0.4187 0.8753 -0.2417
71.3561 2.6098 19.1198 0.4167 0.7917 -0.8311 0.5096 -0.2227
63.9762 2.6098 36.9367 0.4167 0.8333 -0.7452 0.5096 -0.4302
65.6307 4.5203 37.8919 0.3333 0.8333 -0.4187 0.8753 -0.2417
71.3561 2.6098 19.1198 0.4167 0.7917 -0.8311 0.5096 -0.2227
70.6807 0 18.9388 0.5 0.7917 -0.9659 0 -0.2588
63.9762 2.6098 36.9367 0.4167 0.8333 -0.7452 0.5096 -0.4302
70.6807 0 18.9388 0.5 0.7917 -0.9659 0 -0.2588
63.3706 0 36.587 0.5 0.8333 -0.866 -0 -0.5
63.9762 2.6098 36.9367 0.4167 0.8333 -0.7452 0.5096 -0.4302
70.6807 0 18.9388 0.5 0.7917 -0.9659 0 -0.2588
71.3561 -2.6098 19.1198 0.5833 0.7917 -0.8311 -0.5095 -0.2227
63.3706 0 36.587 0.5 0.8333 -0.866 -0 -0.5
71.3561 -2.6098 19.1198 0.5833 0.7917 -0.8311 -0.5095 -0.2227
63.9762 -2.6098 36.9367 0.5833 0.8333 -0.7452 -0.5096 -0.4302
63.3706 0 36.587 0.5 0.8333 -0.866 -0 -0.5
71.3561 -2.6098 19.1198 0.5833 0.7917 -0.8311 -0.5095 -0.2227
73.2015 -4.5203 19.6143 0.6667 0.7917 -0.467 -0.8753 -0.1251
63.9762 -2.6098 36.9367 0.5833 0.8333 -0.7452 -0.5096 -0.4302
73.2015 -4.5203 19.6143 0.6667 0.7917 -0.467 -0.8753 -0.1251
65.6307 -4.5203 37.8919 0.6667 0.8333 -0.4187 -0.8753 -0.2417
63.9762 -2.6098 36.9367 0.5833 0.8333 -0.7452 -0.5096 -0.4302
73.2015 -4.5203 19.6143 0.6667 0.7917 -0.467 -0.8753 -0.1251
75.7224 -5.2196 20.2898 0.75 0.7917 0.0208 -0.9998 0.0056
65.6307 -4.5203 37.8919 0.6667 0.8333 -0.4187 -0.8753 -0.2417
75.7224 -5.2196 20.2898 0.75 0.7917 0.0208 -0.9998 0.0056
67.8908 -5.2196 39.1968 0.75 0.8333 0.0187 -0.9998 0.0108
65.6307 -4.5203 37.8919 0.6667 0.8333 -0.4187 -0.8753 -0.2417
75.7224 -5.2196 20.2898 0.75 0.7917 0.0208 -0.9998 0.0056
78.2432 -4.5203 20.9652 0.8333 0.7917 0.4982 -0.8567 0.1335
67.8908 -5.2196 39.1968 0.75 0.8333 0.0187 -0.9998 0.0108
78.2432 -4.5203 20.9652 0.8333 0.7917 0.4982 -0.8567 0.1335
70.151 -4.5203 40.5017 0.8333 0.8333 0.4467 -0.8567 0.2579
67.8908 -5.2196 39.1968 0.75 0.8333 0.0187 -0.9998 0.0108
78.2432 -4.5203 20.9652 0.8333 0.7917 0.4982 -0.8567 0.1335
80.0886 -2.6098 21.4597 0.9167 0.7917 0.8415 -0.4909 0.2255
70.151 -4.5203 40.5017 0.8333 0.8333 0.4467 -0.8567 0.2579
80.0886 -2.6098 21.4597 0.9167 0.7917 0.8415 -0.4909 0.2255
71.8055 -2.6098 41.4569 0.9167 0.8333 0.7545 -0.4909 0.4356
70.151 -4.5203 40.5017 0.8333 0.8333 0.4467 -0.8567 0.2579
80.0886 -2.6098 21.4597 0.9167 0.7917 0.8415 -0.4909 0.2255
80.7641 0 21.6407 1 0.7917 0.9659 0 0.2588
71.8055 -2.6098 41.4569 0.9167 0.8333 0.7545 -0.4909 0.4356
80.7641 0 21.6407 1 0.7917 0.9659 0 0.2588
72.4111 0 41.8066 1 0.8333 0.866 0 0.5
71.8055 -2.6098 41.4569 0.9167 0.8333 0.7545 -0.4909 0.4356
83.6132 0 0 0 0.75 1 0 -0
82.9139 2.6098 0 0.0833 0.75 0.8712 0.4909 0
80.7641 0 21.6407 0 0.7917 0.9659 0 0.2588
82.9139 2.6098 0 0.0833 0.75 0.8712 0.4909 0
80.0886 2.6098 21.4597 0.0833 0.7917 0.8415 0.4909 0.2255
80.7641 0 21.6407 0 0.7917 0.9659 0 0.2588
82.9139 2.6098 0 0.0833 0.75 0.8712 0.4909 0
81.0034 4.5203 0 0.1667 0.75 0.5158 0.8567 0
80.0886 2.6098 21.4597 0.0833 0.7917 0.8415 0.4909 0.2255
81.0034 4.5203 0 0.1667 0.75 0.5158 0.8567 0
78.2432 4.5203 20.9652 0.1667 0.7917 0.4982 0.8567 0.1335
80.0886 2.6098 21.4597 0.0833 0.7917 0.8415 0.4909 0.2255
81.0034 4.5203 0 0.1667 0.75 0.5158 0.8567 0
78.3936 5.2196 0 0.25 0.75 0.0216 0.9998 0
78.2432 4.5203 20.9652 0.1667 0.7917 0.4982 0.8567 0.1335
78.3936 5.2196 0 0.25 0.75 0.0216 0.9998 0
75.7224 5.2196 20.2898 0.25 0.7917 0.0208 0.9998 0.0056
78.2432 4.5203 20.9652 0.1667 0.7917 0.4982 0.8567 0.1335
78.3936 5.2196 0 0.25 0.75 0.0216 0.9998 0
75.7838 4.5203 0 0.3333 0.75 -0.4835 0.8753 -0
75.7224 5.2196 20.2898 0.25 0.7917 0.0208 0.9998 0.0056
75.7838 4.5203 0 0.3333 0.75 -0.4835 0.8753 -0
73.2015 4.5203 19.6143 0.3333 0.7917 -0.467 0.8753 -0.1251
75.7224 5.2196 20.2898 0.25 0.7917 0.0208 0.9998 0.0056
75.7838 4.5203 0 0.3333 0.75 -0.4835 0.8753 -0
73.8733 2.6098 0 0.4167 0.75 -0.8604 0.5096 -0
73.2015 4.5203 19.6143 0.3333 0.7917 -0.467 0.8753 -0.1251
73.8733 2.6098 0 0.4167 0.75 -0.8604 0.5096 -0
71.3561 2.6098 19.1198 0.4167 0.7917 -0.8311 0.5096 -0.2227
73.2015 4.5203 19.6143 0.3333 0.7917 -0.467 0.8753 -0.1251
73.8733 2.6098 0 0.4167 0.75 -0.8604 0.5096 -0
73.174 0 0 0.5 0.75 -1 0 0
71.3561 2.6098 19.1198 0.4167 0.7917 -0.8311 0.5096 -0.2227
73.174 0 0 0.5 0.75 -1 0 0
70.6807 0 18.9388 0.5 0.7917 -0.9659 0 -0.2588
71.3561 2.6098 19.1198 0.4167 0.7917 -0.8311 0.5096 -0.2227
73.174 0 0 0.5 0.75 -1 0 0
73.8733 -2.6098 0 0.5833 0.75 -0.8604 -0.5096 0
70.6807 0 18.9388 0.5 0.7917 -0.9659 0 -0.2588
73.8733 -2.6098 0 0.5833 0.75 -0.8604 -0.5096 0
71.3561 -2.6098 19.1198 0.5833 0.7917 -0.8311 -0.5095 -0.2227
70.6807 0 18.9388 0.5 0.7917 -0.9659 0 -0.2588
73.8733 -2.6098 0 0.5833 0.75 -0.8604 -0.5096 0
75.7838 -4.5203 0 0.6667 0.75 -0.4835 -0.8753 -0
71.3561 -2.6098 19.1198 0.5833 0.7917 -0.8311 -0.5095 -0.2227
75.7838 -4.5203 0 0.6667 0.75 -0.4835 -0.8753 -0
73.2015 -4.5203 19.6143 0.6667 0.7917 -0.467 -0.8753 -0.1251
71.3561 -2.6098 19.1198 0.5833 0.7917 -0.8311 -0.5095 -0.2227
75.7838 -4.5203 0 0.6667 0.75 -0.4835 -0.8753 -0
78.3936 -5.2196 0 0.75 0.75 0.0216 -0.9998 -0
73.2015 -4.5203 19.6143 0.6667 0.7917 -0.467 -0.8753 -0.1251
78.3936 -5.2196 0 0.75 0.75 0.0216 -0.9998 -0
75.7224 -5.2196 20.2898 0.75 0.7917 0.0208 -0.9998 0.0056
73.2015 -4.5203 19.6143 0.6667 0.7917 -0.467 -0.8753 -0.1251
78.3936 -5.2196 0 0.75 0.75 0.0216 -0.9998 -0
81.0034 -4.5203 0 0.8333 0.75 0.5158 -0.8567 -0
75.7224 -5.2196 20.2898 0.75 0.7917 0.0208 -0.9998 0.0056
81.0034 -4.5203 0 0.8333 0.75 0.5158 -0.8567 -0
78.2432 -4.5203 20.9652 0.8333 0.7917 0.4982 -0.8567 0.1335
75.7224 -5.2196 20.2898 0.75 0.7917 0.0208 -0.9998 0.0056
81.0034 -4.5203 0 0.8333 0.75 0.5158 -0.8567 -0
82.9139 -2.6098 0 0.9167 0.75 0.8712 -0.4909 -0
78.2432 -4.5203 20.9652 0.8333 0.7917 0.4982 -0.8567 0.1335
82.9139 -2.6098 0 0.9167 0.75 0.8712 -0.4909 -0
80.0886 -2.6098 21.4597 0.9167 0.7917 0.8415 -0.4909 0.2255
78.2432 -4.5203 20.9652 0.8333 0.7917 0.4982 -0.8567 0.1335
82.9139 -2.6098 0 0.9167 0.75 0.8712 -0.4909 -0
83.6132 0 0 1 0.75 1 0 -0
80.0886 -2.6098 21.4597 0.9167 0.7917 0.8415 -0.4909 0.2255
83.6132 0 0 1 0.75 1 0 -0
80.7641 0 21.6407 1 0.7917 0.9659 0 0.2588
80.0886 -2.6098 21.4597 0.9167 0.7917 0.8415 -0.4909 0.2255
80.7641 0 -21.6407 0 0.7083 0.9659 0 -0.2588
80.0886 2.6098 -21.4597 0.0833 0.7083 0.8415 0.4909 -0.2255
83.6132 0 0 0 0.75 1 0 -0
80.0886 2.6098 -21.4597 0.0833 0.7083 0.8415 0.4909 -0.2255
82.9139 2.6098 0 0.0833 0.75 0.8712 0.4909 0
83.6132 0 0 0 0.75 1 0 -0
80.0886 2.6098 -21.4597 0.0833 0.7083 0.8415 0.4909 -0.2255
78.2432 4.5203 -20.9652 0.1667 0.7083 0.4982 0.8567 -0.1335
82.9139 2.6098 0 0.0833 0.75 0.8712 0.4909 0
78.2432 4.5203 -20.9652 0.1667 0.7083 0.4982 0.8567 -0.1335
81.0034 4.5203 0 0.1667 0.75 0.5158 0.8567 0
82.9139 2.6098 0 0.0833 0.75 0.8712 0.4909 0
78.2432 4.5203 -20.9652 0.1667 0.7083 0.4982 0.8567 -0.1335
75.7224 5.2196 -20.2898 0.25 0.7083 0.0208 0.9998 -0.0056
81.0034 4.5203 0 0.1667 0.75 0.5158 0.8567 0
75.7224 5.2196 -20.2898 0.25 0.7083 0.0208 0.9998 -0.0056
78.3936 5.2196 0 0.25 0.75 0.0216 0.9998 0
81.0034 4.5203 0 0.1667 0.75 0.5158 0.8567 0
75.7224 5.2196 -20.2898 0.25 0.7083 0.0208 0.9998 -0.0056
73.2015 4.5203 -19.6143 0.3333 0.7083 -0.467 0.8753 0.1251
78.3936 5.2196 0 0.25 0.75 0.0216 0.9998 0
73.2015 4.5203 -19.6143 0.3333 0.7083 -0.467 0.8753 0.1251
75.7838 4.5203 0 0.3333 0.75 -0.4835 0.8753 -0
78.3936 5.2196 0 0.25 0.75 0.0216 0.9998 0
73.2015 4.5203 -19.6143 0.3333 0.7083 -0.467 0.8753 0.1251
71.3561 2.6098 -19.1198 0.4167 0.7083 -0.8311 0.5095 0.2227
75.7838 4.5203 0 0.3333 0.75 -0.4835 0.8753 -0
71.3561 2.6098 -19.1198 0.4167 0.7083 -0.8311 0.5095 0.2227
73.8733 2.6098 0 0.4167 0.75 -0.8604 0.5096 -0
75.7838 4.5203 0 0.3333 0.75 -0.4835 0.8753 -0
71.3561 2.6098 -19.1198 0.4167 0.7083 -0.8311 0.5095 0.2227
70.6807 0 -18.9388 0.5 0.7083 -0.9659 0 0.2588
73.8733 2.6098 0 0.4167 0.75 -0.8604 0.5096 -0
70.6807 0 -18.9388 0.5 0.7083 -0.9659 0 0.2588
73.174 0 0 0.5 0.75 -1 0 0
73.8733 2.6098 0 0.4167 0.75 -0.8604 0.5096 -0
70.6807 0 -18.9388 0.5 0.7083 -0.9659 0 0.2588
71.3561 -2.6098 -19.1198 0.5833 0.7083 -0.8311 -0.5096 0.2227
73.174 0 0 0.5 0.75 -1 0 0
71.3561 -2.6098 -19.1198 0.5833 0.7083 -0.8311 -0.5096 0.2227
73.8733 -2.6098 0 0.5833 0.75 -0.8604 -0.5096 0
73.174 0 0 0.5 0.75 -1 0 0
71.3561 -2.6098 -19.1198 0.5833 0.7083 -0.8311 -0.5096 0.2227
73.2015 -4.5203 -19.6143 0.6667 0.7083 -0.467 -0.8753 0.1251
73.8733 -2.6098 0 0.5833 0.75 -0.8604 -0.5096 0
73.2015 -4.5203 -19.6143 0.6667 0.7083 -0.467 -0.8753 0.1251
75.7838 -4.5203 0 0.6667 0.75 -0.4835 -0.8753 -0
73.8733 -2.6098 0 0.5833 0.75 -0.8604 -0.5096 0
73.2015 -4.5203 -19.6143 0.6667 0.7083 -0.467 -0.8753 0.1251
75.7224 -5.2196 -20.2898 0.75 0.7083 0.0208 -0.9998 -0.0056
75.7838 -4.5203 0 0.6667 0.75 -0.4835 -0.8753 -0
75.7224 -5.2196 -20.2898 0.75 0.7083 0.0208 -0.9998 -0.0056
78.3936 -5.2196 0 0.75 0.75 0.0216 -0.9998 -0
75.7838 -4.5203 0 0.6667 0.75 -0.4835 -0.8753 -0
75.7224 -5.2196 -20.2898 0.75 0.7083 0.0208 -0.9998 -0.0056
78.2432 -4.5203 -20.9652 0.8333 0.7083 0.4982 -0.8567 -0.1335
78.3936 -5.2196 0 0.75 0.75 0.0216 -0.9998 -0
78.2432 -4.5203 -20.9652 0.8333 0.7083 0.4982 -0.8567 -0.1335
81.0034 -4.5203 0 0.8333 0.75 0.5158 -0.8567 -0
78.3936 -5.2196 0 0.75 0.75 0.0216 -0.9998 -0
78.2432 -4.5203 -20.9652 0.8333 0.7083 0.4982 -0.8567 -0.1335
80.0886 -2.6098 -21.4597 0.9167 0.7083 0.8415 -0.4909 -0.2255
81.0034 -4.5203 0 0.8333 0.75 0.5158 -0.8567 -0
80.0886 -2.6098 -21.4597 0.9167 0.7083 0.8415 -0.4909 -0.2255
82.9139 -2.6098 0 0.9167 0.75 0.8712 -0.4909 -0
81.0034 -4.5203 0 0.8333 0.75 0.5158 -0.8567 -0
80.0886 -2.6098 -21.4597 0.9167 0.7083 0.8415 -0.4909 -0.2255
80.7641 0 -21.6407 1 0.7083 0.9659 0 -0.2588
82.9139 -2.6098 0 0.9167 0.75 0.8712 -0.4909 -0
80.7641 0 -21.6407 1 0.7083 0.9659 0 -0.2588
83.6132 0 0 1 0.75 1 0 -0
82.9139 -2.6098 0 0.9167 0.75 0.8712 -0.4909 -0
72.4111 0 -41.8066 0 0.6667 0.866 0 -0.5
71.8055 2.6098 -41.4569 0.0833 0.6667 0.7545 0.4909 -0.4356
80.7641 0 -21.6407 0 0.7083 0.9659 0 -0.2588
71.8055 2.6098 -41.4569 0.0833 0.6667 0.7545 0.4909 -0.4356
80.0886 2.6098 -21.4597 0.0833 0.7083 0.8415 0.4909 -0.2255
80.7641 0 -21.6407 0 0.7083 0.9659 0 -0.2588
71.8055 2.6098 -41.4569 0.0833 0.6667 0.7545 0.4909 -0.4356
70.151 4.5203 -40.5017 0.1667 0.6667 0.4467 0.8567 -0.2579
80.0886 2.6098 -21.4597 0.0833 0.7083 0.8415 0.4909 -0.2255
70.151 4.5203 -40.5017 0.1667 0.6667 0.4467 0.8567 -0.2579
78.2432 4.5203 -20.9652 0.1667 0.7083 0.4982 0.8567 -0.1335
80.0886 2.6098 -21.4597 0.0833 0.7083 0.8415 0.4909 -0.2255
70.151 4.5203 -40.5017 0.1667 0.6667 0.4467 0.8567 -0.2579
67.8908 5.2196 -39.1968 0.25 0.6667 0.0187 0.9998 -0.0108
78.2432 4.5203 -20.9652 0.1667 0.7083 0.4982 0.8567 -0.1335
67.8908 5.2196 -39.1968 0.25 0.6667 0.0187 0.9998 -0.0108
75.7224 5.2196 -20.2898 0.25 0.7083 0.0208 0.9998 -0.0056
78.2432 4.5203 -20.9652 0.1667 0.7083 0.4982 0.8567 -0.1335
67.8908 5.2196 -39.1968 0.25 0.6667 0.0187 0.9998 -0.0108
65.6307 4.5203 -37.8919 0.3333 0.6667 -0.4187 0.8753 0.2417
75.7224 5.2196 -20.2898 0.25 0.7083 0.0208 0.9998 -0.0056
65.6307 4.5203 -37.8919 0.3333 0.6667 -0.4187 0.8753 0.2417
73.2015 4.5203 -19.6143 0.3333 0.7083 -0.467 0.8753 0.1251
75.7224 5.2196 -20.2898 0.25 0.7083 0.0208 0.9998 -0.0056
65.6307 4.5203 -37.8919 0.3333 0.6667 -0.4187 0.8753 0.2417
63.9762 2.6098 -36.9367 0.4167 0.6667 -0.7452 0.5096 0.4302
73.2015 4.5203 -19.6143 0.3333 0.7083 -0.467 0.8753 0.1251
63.9762 2.6098 -36.9367 0.4167 0.6667 -0.7452 0.5096 0.4302
71.3561 2.6098 -19.1198 0.4167 0.7083 -0.8311 0.5095 0.2227
73.2015 4.5203 -19.6143 0.3333 0.7083 -0.467 0.8753 0.1251
63.9762 2.6098 -36.9367 0.4167 0.6667 -0.7452 0.5096 0.4302
63.3706 0 -36.587 0.5 0.6667 -0.866 0 0.5
71.3561 2.6098 -19.1198 0.4167 0.7083 -0.8311 0.5095 0.2227
63.3706 0 -36.587 0.5 0.6667 -0.866 0 0.5
70.6807 0 -18.9388 0.5 0.7083 -0.9659 0 0.2588
71.3561 2.6098 -19.1198 0.4167 0.7083 -0.8311 0.5095 0.2227
63.3706 0 -36.587 0.5 0.6667 -0.866 0 0.5
63.9762 -2.6098 -36.9367 0.5833 0.6667 -0.7452 -0.5096 0.4302
70.6807 0 -18.9388 0.5 0.7083 -0.9659 0 0.2588
63.9762 -2.6098 -36.9367 0.5833 0.6667 -0.7452 -0.5096 0.4302
71.3561 -2.6098 -19.1198 0.5833 0.7083 -0.8311 -0.5096 0.2227
70.6807 0 -18.9388 0.5 0.7083 -0.9659 0 0.2588
63.9762 -2.6098 -36.9367 0.5833 0.6667 -0.7452 -0.5096 0.4302
65.6307 -4.5203 -37.8919 0.6667 0.6667 -0.4187 -0.8753 0.2417
71.3561 -2.6098 -19.1198 0.5833 0.7083 -0.8311 -0.5096 0.2227
65.6307 -4.5203 -37.8919 0.6667 0.6667 -0.4187 -0.8753 0.2417
73.2015 -4.5203 -19.6143 0.6667 0.7083 -0.467 -0.8753 0.1251
71.3561 -2.6098 -19.1198 0.5833 0.7083 -0.8311 -0.5096 0.2227
65.6307 -4.5203 -37.8919 0.6667 0.6667 -0.4187 -0.8753 0.2417
67.8908 -5.2196 -39.1968 0.75 0.6667 0.0187 -0.9998 -0.0108
73.2015 -4.5203 -19.6143 0.6667 0.7083 -0.467 -0.8753 0.1251
67.8908 -5.2196 -39.1968 0.75 0.6667 0.0187 -0.9998 -0.0108
75.7224 -5.2196 -20.2898 0.75 0.7083 0.0208 -0.9998 -0.0056
73.2015 -4.5203 -19.6143 0.6667 0.7083 -0.467 -0.8753 0.1251
67.8908 -5.2196 -39.1968 0.75 0.6667 0.0187 -0.9998 -0.0108
70.151 -4.5203 -40.5017 0.8333 0.6667 0.4467 -0.8567 -0.2579
75.7224 -5.2196 -20.2898 0.75 0.7083 0.0208 -0.9998 -0.0056
70.151 -4.5203 -40.5017 0.8333 0.6667 0.4467 -0.8567 -0.2579
78.2432 -4.5203 -20.9652 0.8333 0.7083 0.4982 -0.8567 -0.1335
75.7224 -5.2196 -20.2898 0.75 0.7083 0.0208 -0.9998 -0.0056
70.151 -4.5203 -40.5017 0.8333 0.6667 0.4467 -0.8567 -0.2579
71.8055 -2.6098 -41.4569 0.9167 0.6667 0.7545 -0.4909 -0.4356
78.2432 -4.5203 -20.9652 0.8333 0.7083 0.4982 -0.8567 -0.1335
71.8055 -2.6098 -41.4569 0.9167 0.6667 0.7545 -0.4909 -0.4356
80.0886 -2.6098 -21.4597 0.9167 0.7083 0.8415 -0.4909 -0.2255
78.2432 -4.5203 -20.9652 0.8333 0.7083 0.4982 -0.8567 -0.1335
71.8055 -2.6098 -41.4569 0.9167 0.6667 0.7545 -0.4909 -0.4356
72.4111 0 -41.8066 1 0.6667 0.866 0 -0.5
80.0886 -2.6098 -21.4597 0.9167 0.7083 0.8415 -0.4909 -0.2255
72.4111 0 -41.8066 1 0.6667 0.866 0 -0.5
80.7641 0 -21.6407 1 0.7083 0.9659 0 -0.2588
80.0886 -2.6098 -21.4597 0.9167 0.7083 0.8415 -0.4909 -0.2255
59.1234 0 -59.1234 0 0.625 0.7071 0 -0.7071
58.629 2.6098 -58.629 0.0833 0.625 0.616 0.4909 -0.616
72.4111 0 -41.8066 0 0.6667 0.866 0 -0.5
58.629 2.6098 -58.629 0.0833 0.625 0.616 0.4909 -0.616
71.8055 2.6098 -41.4569 0.0833 0.6667 0.7545 0.4909 -0.4356
72.4111 0 -41.8066 0 0.6667 0.866 0 -0.5
58.629 2.6098 -58.629 0.0833 0.625 0.616 0.4909 -0.616
57.278 4.5203 -57.278 0.1667 0.625 0.3647 0.8567 -0.3647
71.8055 2.6098 -41.4569 0.0833 0.6667 0.7545 0.4909 -0.4356
57.278 4.5203 -57.278 0.1667 0.625 0.3647 0.8567 -0.3647
70.151 4.5203 -40.5017 0.1667 0.6667 0.4467 0.8567 -0.2579
71.8055 2.6098 -41.4569 0.0833 0.6667 0.7545 0.4909 -0.4356
57.278 4.5203 -57.278 0.1667 0.625 0.3647 0.8567 -0.3647
55.4326 5.2196 -55.4326 0.25 0.625 0.0152 0.9998 -0.0152
70.151 4.5203 -40.5017 0.1667 0.6667 0.4467 0.8567 -0.2579
55.4326 5.2196 -55.4326 0.25 0.625 0.0152 0.9998 -0.0152
67.8908 5.2196 -39.1968 0.25 0.6667 0.0187 0.9998 -0.0108
70.151 4.5203 -40.5017 0.1667 0.6667 0.4467 0.8567 -0.2579
55.4326 5.2196 -55.4326 0.25 0.625 0.0152 0.9998 -0.0152
53.5872 4.5203 -53.5872 0.3333 0.625 -0.3419 0.8753 0.3419
67.8908 5.2196 -39.1968 0.25 0.6667 0.0187 0.9998 -0.0108
53.5872 4.5203 -53.5872 0.3333 0.625 -0.3419 0.8753 0.3419
65.6307 4.5203 -37.8919 0.3333 0.6667 -0.4187 0.8753 0.2417
67.8908 5.2196 -39.1968 0.25 0.6667 0.0187 0.9998 -0.0108
53.5872 4.5203 -53.5872 0.3333 0.625 -0.3419 0.8753 0.3419
52.2363 2.6098 -52.2363 0.4167 0.625 -0.6084 0.5095 0.6084
65.6307 4.5203 -37.8919 0.3333 0.6667 -0.4187 0.8753 0.2417
52.2363 2.6098 -52.2363 0.4167 0.625 -0.6084 0.5095 0.6084
63.9762 2.6098 -36.9367 0.4167 0.6667 -0.7452 0.5096 0.4302
65.6307 4.5203 -37.8919 0.3333 0.6667 -0.4187 0.8753 0.2417
52.2363 2.6098 -52.2363 0.4167 0.625 -0.6084 0.5095 0.6084
51.7419 0 -51.7419 0.5 0.625 -0.7071 0 0.7071
63.9762 2.6098 -36.9367 0.4167 0.6667 -0.7452 0.5096 0.4302
51.7419 0 -51.7419 0.5 0.625 -0.7071 0 0.7071
63.3706 0 -36.587 0.5 0.6667 -0.866 0 0.5
63.9762 2.6098 -36.9367 0.4167 0.6667 -0.7452 0.5096 0.4302
51.7419 0 -51.7419 0.5 0.625 -0.7071 0 0.7071
52.2363 -2.6098 -52.2363 0.5833 0.625 -0.6084 -0.5095 0.6084
63.3706 0 -36.587 0.5 0.6667 -0.866 0 0.5
52.2363 -2.6098 -52.2363 0.5833 0.625 -0.6084 -0.5095 0.6084
63.9762 -2.6098 -36.9367 0.5833 0.6667 -0.7452 -0.5096 0.4302
63.3706 0 -36.587 0.5 0.6667 -0.866 0 0.5
52.2363 -2.6098 -52.2363 0.5833 0.625 -0.6084 -0.5095 0.6084
53.5872 -4.5203 -53.5872 0.6667 0.625 -0.3419 -0.8753 0.3419
63.9762 -2.6098 -36.9367 0.5833 0.6667 -0.7452 -0.5096 0.4302
53.5872 -4.5203 -53.5872 0.6667 0.625 -0.3419 -0.8753 0.3419
65.6307 -4.5203 -37.8919 0.6667 0.6667 -0.4187 -0.8753 0.2417
63.9762 -2.6098 -36.9367 0.5833 0.6667 -0.7452 -0.5096 0.4302
53.5872 -4.5203 -53.5872 0.6667 0.625 -0.3419 -0.8753 0.3419
55.4326 -5.2196 -55.4326 0.75 0.625 0.0152 -0.9998 -0.0152
65.6307 -4.5203 -37.8919 0.6667 0.6667 -0.4187 -0.8753 0.2417
55.4326 -5.2196 -55.4326 0.75 0.625 0.0152 -0.9998 -0.0152
67.8908 -5.2196 -39.1968 0.75 0.6667 0.0187 -0.9998 -0.0108
65.6307 -4.5203 -37.8919 0.6667 0.6667 -0.4187 -0.8753 0.2417
55.4326 -5.2196 -55.4326 0.75 0.625 0.0152 -0.9998 -0.0152
57.278 -4.5203 -57.278 0.8333 0.625 0.3647 -0.8567 -0.3647
67.8908 -5.2196 -39.1968 0.75 0.6667 0.0187 -0.9998 -0.0108
57.278 -4.5203 -57.278 0.8333 0.625 0.3647 -0.8567 -0.3647
70.151 -4.5203 -40.5017 0.8333 0.6667 0.4467 -0.8567 -0.2579
67.8908 -5.2196 -39.1968 0.75 0.6667 0.0187 -0.9998 -0.0108
57.278 -4.5203 -57.278 0.8333 0.625 0.3647 -0.8567 -0.3647
58.629 -2.6098 -58.629 0.9167 0.625 0.616 -0.4909 -0.616
70.151 -4.5203 -40.5017 0.8333 0.6667 0.4467 -0.8567 -0.2579
58.629 -2.6098 -58.629 0.9167 0.625 0.616 -0.4909 -0.616
71.8055 -2.6098 -41.4569 0.9167 0.6667 0.7545 -0.4909 -0.4356
70.151 -4.5203 -40.5017 0.8333 0.6667 0.4467 -0.8567 -0.2579
58.629 -2.6098 -58.629 0.9167 0.625 0.616 -0.4909 -0.616
59.1234 0 -59.1234 1 0.625 0.7071 0 -0.7071
71.8055 -2.6098 -41.4569 0.9167 0.6667 0.7545 -0.4909 -0.4356
59.1234 0 -59.1234 1 0.625 0.7071 0 -0.7071
72.4111 0 -41.8066 1 0.6667 0.866 0 -0.5
71.8055 -2.6098 -41.4569 0.9167 0.6667 0.7545 -0.4909 -0.4356
41.8066 0 -72.4111 0 0.5833 0.5 0 -0.866
41.4569 2.6098 -71.8055 0.0833 0.5833 0.4356 0.4909 -0.7545
59.1234 0 -59.1234 0 0.625 0.7071 0 -0.7071
41.4569 2.6098 -71.8055 0.0833 0.5833 0.4356 0.4909 -0.7545
58.629 2.6098 -58.629 0.0833 0.625 0.616 0.4909 -0.616
59.1234 0 -59.1234 0 0.625 0.7071 0 -0.7071
41.4569 2.6098 -71.8055 0.0833 0.5833 0.4356 0.4909 -0.7545
40.5017 4.5203 -70.151 0.1667 0.5833 0.2579 0.8567 -0.4467
58.629 2.6098 -58.629 0.0833 0.625 0.616 0.4909 -0.616
40.5017 4.5203 -70.151 0.1667 0.5833 0.2579 0.8567 -0.4467
57.278 4.5203 -57.278 0.1667 0.625 0.3647 0.8567 -0.3647
58.629 2.6098 -58.629 0.0833 0.625 0.616 0.4909 -0.616
40.5017 4.5203 -70.151 0.1667 0.5833 0.2579 0.8567 -0.4467
39.1968 5.2196 -67.8908 0.25 0.5833 0.0108 0.9998 -0.0187
57.278 4.5203 -57.278 0.1667 0.625 0.3647 0.8567 -0.3647
39.1968 5.2196 -67.8908 0.25 0.5833 0.0108 0.9998 -0.0187
55.4326 5.2196 -55.4326 0.25 0.625 0.0152 0.9998 -0.0152
57.278 4.5203 -57.278 0.1667 0.625 0.3647 0.8567 -0.3647
39.1968 5.2196 -67.8908 0.25 0.5833 0.0108 0.9998 -0.0187
37.8919 4.5203 -65.6307 0.3333 0.5833 -0.2417 0.8753 0.4187
55.4326 5.2196 -55.4326 0.25 0.625 0.0152 0.9998 -0.0152
37.8919 4.5203 -65.6307 0.3333 0.5833 -0.2417 0.8753 0.4187
53.5872 4.5203 -53.5872 0.3333 0.625 -0.3419 0.8753 0.3419
55.4326 5.2196 -55.4326 0.25 0.625 0.0152 0.9998 -0.0152
37.8919 4.5203 -65.6307 0.3333 0.5833 -0.2417 0.8753 0.4187
36.9367 2.6098 -63.9762 0.4167 0.5833 -0.4302 0.5096 0.7452
53.5872 4.5203 -53.5872 0.3333 0.625 -0.3419 0.8753 0.3419
36.9367 2.6098 -63.9762 0.4167 0.5833 -0.4302 0.5096 0.7452
52.2363 2.6098 -52.2363 0.4167 0.625 -0.6084 0.5095 0.6084
53.5872 4.5203 -53.5872 0.3333 0.625 -0.3419 0.8753 0.3419
36.9367 2.6098 -63.9762 0.4167 0.5833 -0.4302 0.5096 0.7452
36.587 0 -63.3706 0.5 0.5833 -0.5 -0 0.866
52.2363 2.6098 -52.2363 0.4167 0.625 -0.6084 0.5095 0.6084
36.587 0 -63.3706 0.5 0.5833 -0.5 -0 0.866
51.7419 0 -51.7419 0.5 0.625 -0.7071 0 0.7071
52.2363 2.6098 -52.2363 0.4167 0.625 -0.6084 0.5095 0.6084
36.587 0 -63.3706 0.5 0.5833 -0.5 -0 0.866
36.9367 -2.6098 -63.9762 0.5833 0.5833 -0.4302 -0.5096 0.7452
51.7419 0 -51.7419 0.5 0.625 -0.7071 0 0.7071
36.9367 -2.6098 -63.9762 0.5833 0.5833 -0.4302 -0.5096 0.7452
52.2363 -2.6098 -52.2363 0.5833 0.625 -0.6084 -0.5095 0.6084
51.7419 0 -51.7419 0.5 0.625 -0.7071 0 0.7071
36.9367 -2.6098 -63.9762 0.5833 0.5833 -0.4302 -0.5096 0.7452
37.8919 -4.5203 -65.6307 0.6667 0.5833 -0.2417 -0.8753 0.4187
52.2363 -2.6098 -52.2363 0.5833 0.625 -0.6084 -0.5095 0.6084
37.8919 -4.5203 -65.6307 0.6667 0.5833 -0.2417 -0.8753 0.4187
53.5872 -4.5203 -53.5872 0.6667 0.625 -0.3419 -0.8753 0.3419
52.2363 -2.6098 -52.2363 0.5833 0.625 -0.6084 -0.5095 0.6084
37.8919 -4.5203 -65.6307 0.6667 0.5833 -0.2417 -0.8753 0.4187
39.1968 -5.2196 -67.8908 0.75 0.5833 0.0108 -0.9998 -0.0187
53.5872 -4.5203 -53.5872 0.6667 0.625 -0.3419 -0.8753 0.3419
39.1968 -5.2196 -67.8908 0.75 0.5833 0.0108 -0.9998 -0.0187
55.4326 -5.2196 -55.4326 0.75 0.625 0.0152 -0.9998 -0.0152
53.5872 -4.5203 -53.5872 0.6667 0.625 -0.3419 -0.8753 0.3419
39.1968 -5.2196 -67.8908 0.75 0.5833 0.0108 -0.9998 -0.0187
40.5017 -4.5203 -70.151 0.8333 0.5833 0.2579 -0.8567 -0.4467
55.4326 -5.2196 -55.4326 0.75 0.625 0.0152 -0.9998 -0.0152
40.5017 -4.5203 -70.151 0.8333 0.5833 0.2579 -0.8567 -0.4467
57.278 -4.5203 -57.278 0.8333 0.625 0.3647 -0.8567 -0.3647
55.4326 -5.2196 -55.4326 0.75 0.625 0.0152 -0.9998 -0.0152
40.5017 -4.5203 -70.151 0.8333 0.5833 0.2579 -0.8567 -0.4467
41.4569 -2.6098 -71.8055 0.9167 0.5833 0.4356 -0.4909 -0.7545
57.278 -4.5203 -57.278 0.8333 0.625 0.3647 -0.8567 -0.3647
41.4569 -2.6098 -71.8055 0.9167 0.5833 0.4356 -0.4909 -0.7545
58.629 -2.6098 -58.629 0.9167 0.625 0.616 -0.4909 -0.616
57.278 -4.5203 -57.278 0.8333 0.625 0.3647 -0.8567 -0.3647
41.4569 -2.6098 -71.8055 0.9167 0.5833 0.4356 -0.4909 -0.7545
41.8066 0 -72.4111 1 0.5833 0.5 0 -0.866
58.629 -2.6098 -58.629 0.9167 0.625 0.616 -0.4909 -0.616
41.8066 0 -72.4111 1 0.5833 0.5 0 -0.866
59.1234 0 -59.1234 1 0.625 0.7071 0 -0.7071
58.629 -2.6098 -58.629 0.9167 0.625 0.616 -0.4909 -0.616
21.6407 0 -80.7641 0 0.5417 0.2588 0 -0.9659
21.4597 2.6098 -80.0886 0.0833 0.5417 0.2255 0.4909 -0.8415
41.8066 0 -72.4111 0 0.5833 0.5 0 -0.866
21.4597 2.6098 -80.0886 0.0833 0.5417 0.2255 0.4909 -0.8415
41.4569 2.6098 -71.8055 0.0833 0.5833 0.4356 0.4909 -0.7545
41.8066 0 -72.4111 0 0.5833 0.5 0 -0.866
21.4597 2.6098 -80.0886 0.0833 0.5417 0.2255 0.4909 -0.8415
20.9652 4.5203 -78.2432 0.1667 0.5417 0.1335 0.8567 -0.4982
41.4569 2.6098 -71.8055 0.0833 0.5833 0.4356 0.4909 -0.7545
20.9652 4.5203 -78.2432 0.1667 0.5417 0.1335 0.8567 -0.4982
40.5017 4.5203 -70.151 0.1667 0.5833 0.2579 0.8567 -0.4467
41.4569 2.6098 -71.8055 0.0833 0.5833 0.4356 0.4909 -0.7545
20.9652 4.5203 -78.2432 0.1667 0.5417 0.1335 0.8567 -0.4982
20.2898 5.2196 -75.7224 0.25 0.5417 0.0056 0.9998 -0.0208
40.5017 4.5203 -70.151 0.1667 0.5833 0.2579 0.8567 -0.4467
20.2898 5.2196 -75.7224 0.25 0.5417 0.0056 0.9998 -0.0208
39.1968 5.2196 -67.8908 0.25 0.5833 0.0108 0.9998 -0.0187
40.5017 4.5203 -70.151 0.1667 0.5833 0.2579 0.8567 -0.4467
20.2898 5.2196 -75.7224 0.25 0.5417 0.0056 0.9998 -0.0208
19.6143 4.5203 -73.2015 0.3333 0.5417 -0.1251 0.8753 0.467
39.1968 5.2196 -67.8908 0.25 0.5833 0.0108 0.9998 -0.0187
19.6143 4.5203 -73.2015 0.3333 0.5417 -0.1251 0.8753 0.467
37.8919 4.5203 -65.6307 0.3333 0.5833 -0.2417 0.8753 0.4187
39.1968 5.2196 -67.8908 0.25 0.5833 0.0108 0.9998 -0.0187
19.6143 4.5203 -73.2015 0.3333 0.5417 -0.1251 0.8753 0.467
19.1198 2.6098 -71.3561 0.4167 0.5417 -0.2227 0.5096 0.8311
37.8919 4.5203 -65.6307 0.3333 0.5833 -0.2417 0.8753 0.4187
19.1198 2.6098 -71.3561 0.4167 0.5417 -0.2227 0.5096 0.8311
36.9367 2.6098 -63.9762 0.4167 0.5833 -0.4302 0.5096 0.7452
37.8919 4.5203 -65.6307 0.3333 0.5833 -0.2417 0.8753 0.4187
19.1198 2.6098 -71.3561 0.4167 0.5417 -0.2227 0.5096 0.8311
18.9388 0 -70.6807 0.5 0.5417 -0.2588 0 0.9659
36.9367 2.6098 -63.9762 0.4167 0.5833 -0.4302 0.5096 0.7452
18.9388 0 -70.6807 0.5 0.5417 -0.2588 0 0.9659
36.587 0 -63.3706 0.5 0.5833 -0.5 -0 0.866
36.9367 2.6098 -63.9762 0.4167 0.5833 -0.4302 0.5096 0.7452
18.9388 0 -70.6807 0.5 0.5417 -0.2588 0 0.9659
19.1198 -2.6098 -71.3561 0.5833 0.5417 -0.2227 -0.5096 0.8311
36.587 0 -63.3706 0.5 0.5833 -0.5 -0 0.866
19.1198 -2.6098 -71.3561 0.5833 0.5417 -0.2227 -0.5096 0.8311
36.9367 -2.6098 -63.9762 0.5833 0.5833 -0.4302 -0.5096 0.7452
36.587 0 -63.3706 0.5 0.5833 -0.5 -0 0.866
19.1198 -2.6098 -71.3561 0.5833 0.5417 -0.2227 -0.5096 0.8311
19.6143 -4.5203 -73.2015 0.6667 0.5417 -0.1251 -0.8753 0.467
36.9367 -2.6098 -63.9762 0.5833 0.5833 -0.4302 -0.5096 0.7452
19.6143 -4.5203 -73.2015 0.6667 0.5417 -0.1251 -0.8753 0.467
37.8919 -4.5203 -65.6307 0.6667 0.5833 -0.2417 -0.8753 0.4187
36.9367 -2.6098 -63.9762 0.5833 0.5833 -0.4302 -0.5096 0.7452
19.6143 -4.5203 -73.2015 0.6667 0.5417 -0.1251 -0.8753 0.467
20.2898 -5.2196 -75.7224 0.75 0.5417 0.0056 -0.9998 -0.0208
37.8919 -4.5203 -65.6307 0.6667 0.5833 -0.2417 -0.8753 0.4187
20.2898 -5.2196 -75.7224 0.75 0.5417 0.0056 -0.9998 -0.0208
39.1968 -5.2196 -67.8908 0.75 0.5833 0.0108 -0.9998 -0.0187
37.8919 -4.5203 -65.6307 0.6667 0.5833 -0.2417 -0.8753 0.4187
20.2898 -5.2196 -75.7224 0.75 0.5417 0.0056 -0.9998 -0.0208
20.9652 -4.5203 -78.2432 0.8333 0.5417 0.1335 -0.8567 -0.4982
39.1968 -5.2196 -67.8908 0.75 0.5833 0.0108 -0.9998 -0.0187
20.9652 -4.5203 -78.2432 0.8333 0.5417 0.1335 -0.8567 -0.4982
40.5017 -4.5203 -70.151 0.8333 0.5833 0.2579 -0.8567 -0.4467
39.1968 -5.2196 -67.8908 0.75 0.5833 0.0108 -0.9998 -0.0187
20.9652 -4.5203 -78.2432 0.8333 0.5417 0.1335 -0.8567 -0.4982
21.4597 -2.6098 -80.0886 0.9167 0.5417 0.2255 -0.4909 -0.8415
40.5017 -4.5203 -70.151 0.8333 0.5833 0.2579 -0.8567 -0.4467
21.4597 -2.6098 -80.0886 0.9167 0.5417 0.2255 -0.4909 -0.8415
41.4569 -2.6098 -71.8055 0.9167 0.5833 0.4356 -0.4909 -0.7545
40.5017 -4.5203 -70.151 0.8333 0.5833 0.2579 -0.8567 -0.4467
21.4597 -2.6098 -80.0886 0.9167 0.5417 0.2255 -0.4909 -0.8415
21.6407 0 -80.7641 1 0.5417 0.2588 0 -0.9659
41.4569 -2.6098 -71.8055 0.9167 0.5833 0.4356 -0.4909 -0.7545
21.6407 0 -80.7641 1 0.5417 0.2588 0 -0.9659
41.8066 0 -72.4111 1 0.5833 0.5 0 -0.866
41.4569 -2.6098 -71.8055 0.9167 0.5833 0.4356 -0.4909 -0.7545
0 0 -83.6132 0 0.5 0 0 -1
0 2.6098 -82.9139 0.0833 0.5 0 0.4909 -0.8712
21.6407 0 -80.7641 0 0.5417 0.2588 0 -0.9659
0 2.6098 -82.9139 0.0833 0.5 0 0.4909 -0.8712
21.4597 2.6098 -80.0886 0.0833 0.5417 0.2255 0.4909 -0.8415
21.6407 0 -80.7641 0 0.5417 0.2588 0 -0.9659
0 2.6098 -82.9139 0.0833 0.5 0 0.4909 -0.8712
0 4.5203 -81.0034 0.1667 0.5 0 0.8567 -0.5158
21.4597 2.6098 -80.0886 0.0833 0.5417 0.2255 0.4909 -0.8415
0 4.5203 -81.0034 0.1667 0.5 0 0.8567 -0.5158
20.9652 4.5203 -78.2432 0.1667 0.5417 0.1335 0.8567 -0.4982
21.4597 2.6098 -80.0886 0.0833 0.5417 0.2255 0.4909 -0.8415
0 4.5203 -81.0034 0.1667 0.5 0 0.8567 -0.5158
0 5.2196 -78.3936 0.25 0.5 -0 0.9998 -0.0216
20.9652 4.5203 -78.2432 0.1667 0.5417 0.1335 0.8567 -0.4982
0 5.2196 -78.3936 0.25 0.5 -0 0.9998 -0.0216
20.2898 5.2196 -75.7224 0.25 0.5417 0.0056 0.9998 -0.0208
20.9652 4.5203 -78.2432 0.1667 0.5417 0.1335 0.8567 -0.4982
0 5.2196 -78.3936 0.25 0.5 -0 0.9998 -0.0216
0 4.5203 -75.7838 0.3333 0.5 -0 0.8753 0.4835
20.2898 5.2196 -75.7224 0.25 0.5417 0.0056 0.9998 -0.0208
0 4.5203 -75.7838 0.3333 0.5 -0 0.8753 0.4835
19.6143 4.5203 -73.2015 0.3333 0.5417 -0.1251 0.8753 0.467
20.2898 5.2196 -75.7224 0.25 0.5417 0.0056 0.9998 -0.0208
0 4.5203 -75.7838 0.3333 0.5 -0 0.8753 0.4835
0 2.6098 -73.8733 0.4167 0.5 -0 0.5096 0.8604
19.6143 4.5203 -73.2015 0.3333 0.5417 -0.1251 0.8753 0.467
0 2.6098 -73.8733 0.4167 0.5 -0 0.5096 0.8604
19.1198 2.6098 -71.3561 0.4167 0.5417 -0.2227 0.5096 0.8311
19.6143 4.5203 -73.2015 0.3333 0.5417 -0.1251 0.8753 0.467
0 2.6098 -73.8733 0.4167 0.5 -0 0.5096 0.8604
0 0 -73.174 0.5 0.5 -0 -0 1
19.1198 2.6098 -71.3561 0.4167 0.5417 -0.2227 0.5096 0.8311
0 0 -73.174 0.5 0.5 -0 -0 1
18.9388 0 -70.6807 0.5 0.5417 -0.2588 0 0.9659
19.1198 2.6098 -71.3561 0.4167 0.5417 -0.2227 0.5096 0.8311
0 0 -73.174 0.5 0.5 -0 -0 1
0 -2.6098 -73.8733 0.5833 0.5 -0 -0.5096 0.8604
18.9388 0 -70.6807 0.5 0.5417 -0.2588 0 0.9659
0 -2.6098 -73.8733 0.5833 0.5 -0 -0.5096 0.8604
19.1198 -2.6098 -71.3561 0.5833 0.5417 -0.2227 -0.5096 0.8311
18.9388 0 -70.6807 0.5 0.5417 -0.2588 0 0.9659
0 -2.6098 -73.8733 0.5833 0.5 -0 -0.5096 0.8604
0 -4.5203 -75.7838 0.6667 0.5 -0 -0.8753 0.4835
19.1198 -2.6098 -71.3561 0.5833 0.5417 -0.2227 -0.5096 0.8311
0 -4.5203 -75.7838 0.6667 0.5 -0 -0.8753 0.4835
19.6143 -4.5203 -73.2015 0.6667 0.5417 -0.1251 -0.8753 0.467
19.1198 -2.6098 -71.3561 0.5833 0.5417 -0.2227 -0.5096 0.8311
0 -4.5203 -75.7838 0.6667 0.5 -0 -0.8753 0.4835
0 -5.2196 -78.3936 0.75 0.5 -0 -0.9998 -0.0216
19.6143 -4.5203 -73.2015 0.6667 0.5417 -0.1251 -0.8753 0.467
0 -5.2196 -78.3936 0.75 0.5 -0 -0.9998 -0.0216
20.2898 -5.2196 -75.7224 0.75 0.5417 0.0056 -0.9998 -0.0208
19.6143 -4.5203 -73.2015 0.6667 0.5417 -0.1251 -0.8753 0.467
0 -5.2196 -78.3936 0.75 0.5 -0 -0.9998 -0.0216
0 -4.5203 -81.0034 0.8333 0.5 0 -0.8567 -0.5158
20.2898 -5.2196 -75.7224 0.75 0.5417 0.0056 -0.9998 -0.0208
0 -4.5203 -81.0034 0.8333 0.5 0 -0.8567 -0.5158
20.9652 -4.5203 -78.2432 0.8333 0.5417 0.1335 -0.8567 -0.4982
20.2898 -5.2196 -75.7224 0.75 0.5417 0.0056 -0.9998 -0.0208
0 -4.5203 -81.0034 0.8333 0.5 0 -0.8567 -0.5158
0 -2.6098 -82.9139 0.9167 0.5 0 -0.4909 -0.8712
20.9652 -4.5203 -78.2432 0.8333 0.5417 0.1335 -0.8567 -0.4982
0 -2.6098 -82.9139 0.9167 0.5 0 -0.4909 -0.8712
21.4597 -2.6098 -80.0886 0.9167 0.5417 0.2255 -0.4909 -0.8415
20.9652 -4.5203 -78.2432 0.8333 0.5417 0.1335 -0.8567 -0.4982
0 -2.6098 -82.9139 0.9167 0.5 0 -0.4909 -0.8712
0 0 -83.6132 1 0.5 0 0 -1
21.4597 -2.6098 -80.0886 0.9167 0.5417 0.2255 -0.4909 -0.8415
0 0 -83.6132 1 0.5 0 0 -1
21.6407 0 -80.7641 1 0.5417 0.2588 0 -0.9659
21.4597 -2.6098 -80.0886 0.9167 0.5417 0.2255 -0.4909 -0.8415
-21.6407 0 -80.7641 0 0.4583 -0.2588 0 -0.9659
-21.4597 2.6098 -80.0886 0.0833 0.4583 -0.2255 0.4909 -0.8415
0 0 -83.6132 0 0.5 0 0 -1
-21.4597 2.6098 -80.0886 0.0833 0.4583 -0.2255 0.4909 -0.8415
0 2.6098 -82.9139 0.0833 0.5 0 0.4909 -0.8712
0 0 -83.6132 0 0.5 0 0 -1
-21.4597 2.6098 -80.0886 0.0833 0.4583 -0.2255 0.4909 -0.8415
-20.9652 4.5203 -78.2433 0.1667 0.4583 -0.1335 0.8567 -0.4982
0 2.6098 -82.9139 0.0833 0.5 0 0.4909 -0.8712
-20.9652 4.5203 -78.2433 0.1667 0.4583 -0.1335 0.8567 -0.4982
0 4.5203 -81.0034 0.1667 0.5 0 0.8567 -0.5158
0 2.6098 -82.9139 0.0833 0.5 0 0.4909 -0.8712
-20.9652 4.5203 -78.2433 0.1667 0.4583 -0.1335 0.8567 -0.4982
-20.2897 5.2196 -75.7224 0.25 0.4583 -0.0056 0.9998 -0.0208
0 4.5203 -81.0034 0.1667 0.5 0 0.8567 -0.5158
-20.2897 5.2196 -75.7224 0.25 0.4583 -0.0056 0.9998 -0.0208
0 5.2196 -78.3936 0.25 0.5 -0 0.9998 -0.0216
0 4.5203 -81.0034 0.1667 0.5 0 0.8567 -0.5158
-20.2897 5.2196 -75.7224 0.25 0.4583 -0.0056 0.9998 -0.0208
-19.6143 4.5203 -73.2015 0.3333 0.4583 0.1251 0.8753 0.467
0 5.2196 -78.3936 0.25 0.5 -0 0.9998 -0.0216
-19.6143 4.5203 -73.2015 0.3333 0.4583 0.1251 0.8753 0.467
0 4.5203 -75.7838 0.3333 0.5 -0 0.8753 0.4835
0 5.2196 -78.3936 0.25 0.5 -0 0.9998 -0.0216
-19.6143 4.5203 -73.2015 0.3333 0.4583 0.1251 0.8753 0.467
-19.1198 2.6098 -71.3562 0.4167 0.4583 0.2227 0.5095 0.8311
0 4.5203 -75.7838 0.3333 0.5 -0 0.8753 0.4835
-19.1198 2.6098 -71.3562 0.4167 0.4583 0.2227 0.5095 0.8311
0 2.6098 -73.8733 0.4167 0.5 -0 0.5096 0.8604
0 4.5203 -75.7838 0.3333 0.5 -0 0.8753 0.4835
-19.1198 2.6098 -71.3562 0.4167 0.4583 0.2227 0.5095 0.8311
-18.9388 0 -70.6807 0.5 0.4583 0.2588 -0 0.9659
0 2.6098 -73.8733 0.4167 0.5 -0 0.5096 0.8604
-18.9388 0 -70.6807 0.5 0.4583 0.2588 -0 0.9659
0 0 -73.174 0.5 0.5 -0 -0 1
0 2.6098 -73.8733 0.4167 0.5 -0 0.5096 0.8604
-18.9388 0 -70.6807 0.5 0.4583 0.2588 -0 0.9659
-19.1198 -2.6098 -71.3562 0.5833 0.4583 0.2227 -0.5095 0.8311
0 0 -73.174 0.5 0.5 -0 -0 1
-19.1198 -2.6098 -71.3562 0.5833 0.4583 0.2227 -0.5095 0.8311
0 -2.6098 -73.8733 0.5833 0.5 -0 -0.5096 0.8604
0 0 -73.174 0.5 0.5 -0 -0 1
-19.1198 -2.6098 -71.3562 0.5833 0.4583 0.2227 -0.5095 0.8311
-19.6143 -4.5203 -73.2015 0.6667 0.4583 0.1251 -0.8753 0.467
0 -2.6098 -73.8733 0.5833 0.5 -0 -0.5096 0.8604
-19.6143 -4.5203 -73.2015 0.6667 0.4583 0.1251 -0.8753 0.467
0 -4.5203 -75.7838 0.6667 0.5 -0 -0.8753 0.4835
0 -2.6098 -73.8733 0.5833 0.5 -0 -0.5096 0.8604
-19.6143 -4.5203 -73.2015 0.6667 0.4583 0.1251 -0.8753 0.467
-20.2897 -5.2196 -75.7224 0.75 0.4583 -0.0056 -0.9998 -0.0208
0 -4.5203 -75.7838 0.6667 0.5 -0 -0.8753 0.4835
-20.2897 -5.2196 -75.7224 0.75 0.4583 -0.0056 -0.9998 -0.0208
0 -5.2196 -78.3936 0.75 0.5 -0 -0.9998 -0.0216
0 -4.5203 -75.7838 0.6667 0.5 -0 -0.8753 0.4835
-20.2897 -5.2196 -75.7224 0.75 0.4583 -0.0056 -0.9998 -0.0208
-20.9652 -4.5203 -78.2433 0.8333 0.4583 -0.1335 -0.8567 -0.4982
0 -5.2196 -78.3936 0.75 0.5 -0 -0.9998 -0.0216
-20.9652 -4.5203 -78.2433 0.8333 0.4583 -0.1335 -0.8567 -0.4982
0 -4.5203 -81.0034 0.8333 0.5 0 -0.8567 -0.5158
0 -5.2196 -78.3936 0.75 0.5 -0 -0.9998 -0.0216
-20.9652 -4.5203 -78.2433 0.8333 0.4583 -0.1335 -0.8567 -0.4982
-21.4597 -2.6098 -80.0886 0.9167 0.4583 -0.2255 -0.4909 -0.8415
0 -4.5203 -81.0034 0.8333 0.5 0 -0.8567 -0.5158
-21.4597 -2.6098 -80.0886 0.9167 0.4583 -0.2255 -0.4909 -0.8415
0 -2.6098 -82.9139 0.9167 0.5 0 -0.4909 -0.8712
0 -4.5203 -81.0034 0.8333 0.5 0 -0.8567 -0.5158
-21.4597 -2.6098 -80.0886 0.9167 0.4583 -0.2255 -0.4909 -0.8415
-21.6407 0 -80.7641 1 0.4583 -0.2588 0 -0.9659
0 -2.6098 -82.9139 0.9167 0.5 0 -0.4909 -0.8712
-21.6407 0 -80.7641 1 0.4583 -0.2588 0 -0.9659
0 0 -83.6132 1 0.5 0 0 -1
0 -2.6098 -82.9139 0.9167 0.5 0 -0.4909 -0.8712
-41.8066 0 -72.4111 0 0.4167 -0.5 0 -0.866
-41.4569 2.6098 -71.8055 0.0833 0.4167 -0.4356 0.4909 -0.7545
-21.6407 0 -80.7641 0 0.4583 -0.2588 0 -0.9659
-41.4569 2.6098 -71.8055 0.0833 0.4167 -0.4356 0.4909 -0.7545
-21.4597 2.6098 -80.0886 0.0833 0.4583 -0.2255 0.4909 -0.8415
-21.6407 0 -80.7641 0 0.4583 -0.2588 0 -0.9659
-41.4569 2.6098 -71.8055 0.0833 0.4167 -0.4356 0.4909 -0.7545
-40.5017 4.5203 -70.151 0.1667 0.4167 -0.2579 0.8567 -0.4467
-21.4597 2.6098 -80.0886 0.0833 0.4583 -0.2255 0.4909 -0.8415
-40.5017 4.5203 -70.151 0.1667 0.4167 -0.2579 0.8567 -0.4467
-20.9652 4.5203 -78.2433 0.1667 0.4583 -0.1335 0.8567 -0.4982
-21.4597 2.6098 -80.0886 0.0833 0.4583 -0.2255 0.4909 -0.8415
-40.5017 4.5203 -70.151 0.1667 0.4167 -0.2579 0.8567 -0.4467
-39.1968 5.2196 -67.8909 0.25 0.4167 -0.0108 0.9998 -0.0187
-20.9652 4.5203 -78.2433 0.1667 0.4583 -0.1335 0.8567 -0.4982
-39.1968 5.2196 -67.8909 0.25 0.4167 -0.0108 0.9998 -0.0187
-20.2897 5.2196 -75.7224 0.25 0.4583 -0.0056 0.9998 -0.0208
-20.9652 4.5203 -78.2433 0.1667 0.4583 -0.1335 0.8567 -0.4982
-39.1968 5.2196 -67.8909 0.25 0.4167 -0.0108 0.9998 -0.0187
-37.8919 4.5203 -65.6307 0.3333 0.4167 0.2417 0.8753 0.4187
-20.2897 5.2196 -75.7224 0.25 0.4583 -0.0056 0.9998 -0.0208
-37.8919 4.5203 -65.6307 0.3333 0.4167 0.2417 0.8753 0.4187
-19.6143 4.5203 -73.2015 0.3333 0.4583 0.1251 0.8753 0.467
-20.2897 5.2196 -75.7224 0.25 0.4583 -0.0056 0.9998 -0.0208
-37.8919 4.5203 -65.6307 0.3333 0.4167 0.2417 0.8753 0.4187
-36.9366 2.6098 -63.9762 0.4167 0.4167 0.4302 0.5096 0.7452
-19.6143 4.5203 -73.2015 0.3333 0.4583 0.1251 0.8753 0.467
-36.9366 2.6098 -63.9762 0.4167 0.4167 0.4302 0.5096 0.7452
-19.1198 2.6098 -71.3562 0.4167 0.4583 0.2227 0.5095 0.8311
-19.6143 4.5203 -73.2015 0.3333 0.4583 0.1251 0.8753 0.467
-36.9366 2.6098 -63.9762 0.4167 0.4167 0.4302 0.5096 0.7452
-36.587 0 -63.3706 0.5 0.4167 0.5 0 0.866
-19.1198 2.6098 -71.3562 0.4167 0.4583 0.2227 0.5095 0.8311
-36.587 0 -63.3706 0.5 0.4167 0.5 0 0.866
-18.9388 0 -70.6807 0.5 0.4583 0.2588 -0 0.9659
-19.1198 2.6098 -71.3562 0.4167 0.4583 0.2227 0.5095 0.8311
-36.587 0 -63.3706 0.5 0.4167 0.5 0 0.866
-36.9366 -2.6098 -63.9762 0.5833 0.4167 0.4302 -0.5096 0.7452
-18.9388 0 -70.6807 0.5 0.4583 0.2588 -0 0.9659
-36.9366 -2.6098 -63.9762 0.5833 0.4167 0.4302 -0.5096 0.7452
-19.1198 -2.6098 -71.3562 0.5833 0.4583 0.2227 -0.5095 0.8311
-18.9388 0 -70.6807 0.5 0.4583 0.2588 -0 0.9659
-36.9366 -2.6098 -63.9762 0.5833 0.4167 0.4302 -0.5096 0.7452
-37.8919 -4.5203 -65.6307 0.6667 0.4167 0.2417 -0.8753 0.4187
-19.1198 -2.6098 -71.3562 0.5833 0.4583 0.2227 -0.5095 0.8311
-37.8919 -4.5203 -65.6307 0.6667 0.4167 0.2417 -0.8753 0.4187
-19.6143 -4.5203 -73.2015 0.6667 0.4583 0.1251 -0.8753 0.467
-19.1198 -2.6098 -71.3562 0.5833 0.4583 0.2227 -0.5095 0.8311
-37.8919 -4.5203 -65.6307 0.6667 0.4167 0.2417 -0.8753 0.4187
-39.1968 -5.2196 -67.8909 0.75 0.4167 -0.0108 -0.9998 -0.0187
-19.6143 -4.5203 -73.2015 0.6667 0.4583 0.1251 -0.8753 0.467
-39.1968 -5.2196 -67.8909 0.75 0.4167 -0.0108 -0.9998 -0.0187
-20.2897 -5.2196 -75.7224 0.75 0.4583 -0.0056 -0.9998 -0.0208
-19.6143 -4.5203 -73.2015 0.6667 0.4583 0.1251 -0.8753 0.467
-39.1968 -5.2196 -67.8909 0.75 0.4167 -0.0108 -0.9998 -0.0187
-40.5017 -4.5203 -70.151 0.8333 0.4167 -0.2579 -0.8567 -0.4467
-20.2897 -5.2196 -75.7224 0.75 0.4583 -0.0056 -0.9998 -0.0208
-40.5017 -4.5203 -70.151 0.8333 0.4167 -0.2579 -0.8567 -0.4467
-20.9652 -4.5203 -78.2433 0.8333 0.4583 -0.1335 -0.8567 -0.4982
-20.2897 -5.2196 -75.7224 0.75 0.4583 -0.0056 -0.9998 -0.0208
-40.5017 -4.5203 -70.151 0.8333 0.4167 -0.2579 -0.8567 -0.4467
-41.4569 -2.6098 -71.8055 0.9167 0.4167 -0.4356 -0.4909 -0.7545
-20.9652 -4.5203 -78.2433 0.8333 0.4583 -0.1335 -0.8567 -0.4982
-41.4569 -2.6098 -71.8055 0.9167 0.4167 -0.4356 -0.4909 -0.7545
-21.4597 -2.6098 -80.0886 0.9167 0.4583 -0.2255 -0.4909 -0.8415
-20.9652 -4.5203 -78.2433 0.8333 0.4583 -0.1335 -0.8567 -0.4982
-41.4569 -2.6098 -71.8055 0.9167 0.4167 -0.4356 -0.4909 -0.7545
-41.8066 0 -72.4111 1 0.4167 -0.5 0 -0.866
-21.4597 -2.6098 -80.0886 0.9167 0.4583 -0.2255 -0.4909 -0.8415
-41.8066 0 -72.4111 1 0.4167 -0.5 0 -0.866
-21.6407 0 -80.7641 1 0.4583 -0.2588 0 -0.9659
-21.4597 -2.6098 -80.0886 0.9167 0.4583 -0.2255 -0.4909 -0.8415
-59.1234 0 -59.1234 0 0.375 -0.7071 0 -0.7071
-58.6289 2.6098 -58.629 0.0833 0.375 -0.616 0.4909 -0.616
-41.8066 0 -72.4111 0 0.4167 -0.5 0 -0.866
-58.6289 2.6098 -58.629 0.0833 0.375 -0.616 0.4909 -0.616
-41.4569 2.6098 -71.8055 0.0833 0.4167 -0.4356 0.4909 -0.7545
-41.8066 0 -72.4111 0 0.4167 -0.5 0 -0.866
-58.6289 2.6098 -58.629 0.0833 0.375 -0.616 0.4909 -0.616
-57.278 4.5203 -57.278 0.1667 0.375 -0.3647 0.8567 -0.3647
-41.4569 2.6098 -71.8055 0.0833 0.4167 -0.4356 0.4909 -0.7545
-57.278 4.5203 -57.278 0.1667 0.375 -0.3647 0.8567 -0.3647
-40.5017 4.5203 -70.151 0.1667 0.4167 -0.2579 0.8567 -0.4467
-41.4569 2.6098 -71.8055 0.0833 0.4167 -0.4356 0.4909 -0.7545
-57.278 4.5203 -57.278 0.1667 0.375 -0.3647 0.8567 -0.3647
-55.4326 5.2196 -55.4327 0.25 0.375 -0.0152 0.9998 -0.0152
-40.5017 4.5203 -70.151 0.1667 0.4167 -0.2579 0.8567 -0.4467
-55.4326 5.2196 -55.4327 0.25 0.375 -0.0152 0.9998 -0.0152
-39.1968 5.2196 -67.8909 0.25 0.4167 -0.0108 0.9998 -0.0187
-40.5017 4.5203 -70.151 0.1667 0.4167 -0.2579 0.8567 -0.4467
-55.4326 5.2196 -55.4327 0.25 0.375 -0.0152 0.9998 -0.0152
-53.5872 4.5203 -53.5873 0.3333 0.375 0.3419 0.8753 0.3419
-39.1968 5.2196 -67.8909 0.25 0.4167 -0.0108 0.9998 -0.0187
-53.5872 4.5203 -53.5873 0.3333 0.375 0.3419 0.8753 0.3419
-37.8919 4.5203 -65.6307 0.3333 0.4167 0.2417 0.8753 0.4187
-39.1968 5.2196 -67.8909 0.25 0.4167 -0.0108 0.9998 -0.0187
-53.5872 4.5203 -53.5873 0.3333 0.375 0.3419 0.8753 0.3419
-52.2363 2.6098 -52.2363 0.4167 0.375 0.6084 0.5096 0.6084
-37.8919 4.5203 -65.6307 0.3333 0.4167 0.2417 0.8753 0.4187
-52.2363 2.6098 -52.2363 0.4167 0.375 0.6084 0.5096 0.6084
-36.9366 2.6098 -63.9762 0.4167 0.4167 0.4302 0.5096 0.7452
-37.8919 4.5203 -65.6307 0.3333 0.4167 0.2417 0.8753 0.4187
-52.2363 2.6098 -52.2363 0.4167 0.375 0.6084 0.5096 0.6084
-51.7418 0 -51.7419 0.5 0.375 0.7071 -0 0.7071
-36.9366 2.6098 -63.9762 0.4167 0.4167 0.4302 0.5096 0.7452
-51.7418 0 -51.7419 0.5 0.375 0.7071 -0 0.7071
-36.587 0 -63.3706 0.5 0.4167 0.5 0 0.866
-36.9366 2.6098 -63.9762 0.4167 0.4167 0.4302 0.5096 0.7452
-51.7418 0 -51.7419 0.5 0.375 0.7071 -0 0.7071
-52.2363 -2.6098 -52.2363 0.5833 0.375 0.6084 -0.5096 0.6084
-36.587 0 -63.3706 0.5 0.4167 0.5 0 0.866
-52.2363 -2.6098 -52.2363 0.5833 0.375 0.6084 -0.5096 0.6084
-36.9366 -2.6098 -63.9762 0.5833 0.4167 0.4302 -0.5096 0.7452
-36.587 0 -63.3706 0.5 0.4167 0.5 0 0.866
-52.2363 -2.6098 -52.2363 0.5833 0.375 0.6084 -0.5096 0.6084
-53.5872 -4.5203 -53.5873 0.6667 0.375 0.3419 -0.8753 0.3419
-36.9366 -2.6098 -63.9762 0.5833 0.4167 0.4302 -0.5096 0.7452
-53.5872 -4.5203 -53.5873 0.6667 0.375 0.3419 -0.8753 0.3419
-37.8919 -4.5203 -65.6307 0.6667 0.4167 0.2417 -0.8753 0.4187
-36.9366 -2.6098 -63.9762 0.5833 0.4167 0.4302 -0.5096 0.7452
-53.5872 -4.5203 -53.5873 0.6667 0.375 0.3419 -0.8753 0.3419
-55.4326 -5.2196 -55.4327 0.75 0.375 -0.0152 -0.9998 -0.0152
-37.8919 -4.5203 -65.6307 0.6667 0.4167 0.2417 -0.8753 0.4187
-55.4326 -5.2196 -55.4327 0.75 0.375 -0.0152 -0.9998 -0.0152
-39.1968 -5.2196 -67.8909 0.75 0.4167 -0.0108 -0.9998 -0.0187
-37.8919 -4.5203 -65.6307 0.6667 0.4167 0.2417 -0.8753 0.4187
-55.4326 -5.2196 -55.4327 0.75 0.375 -0.0152 -0.9998 -0.0152
-57.278 -4.5203 -57.278 0.8333 0.375 -0.3647 -0.8567 -0.3647
-39.1968 -5.2196 -67.8909 0.75 0.4167 -0.0108 -0.9998 -0.0187
-57.278 -4.5203 -57.278 0.8333 0.375 -0.3647 -0.8567 -0.3647
-40.5017 -4.5203 -70.151 0.8333 0.4167 -0.2579 -0.8567 -0.4467
-39.1968 -5.2196 -67.8909 0.75 0.4167 -0.0108 -0.9998 -0.0187
-57.278 -4.5203 -57.278 0.8333 0.375 -0.3647 -0.8567 -0.3647
-58.6289 -2.6098 -58.629 0.9167 0.375 -0.616 -0.4909 -0.616
-40.5017 -4.5203 -70.151 0.8333 0.4167 -0.2579 -0.8567 -0.4467
-58.6289 -2.6098 -58.629 0.9167 0.375 -0.616 -0.4909 -0.616
-41.4569 -2.6098 -71.8055 0.9167 0.4167 -0.4356 -0.4909 -0.7545
-40.5017 -4.5203 -70.151 0.8333 0.4167 -0.2579 -0.8567 -0.4467
-58.6289 -2.6098 -58.629 0.9167 0.375 -0.616 -0.4909 -0.616
-59.1234 0 -59.1234 1 0.375 -0.7071 0 -0.7071
-41.4569 -2.6098 -71.8055 0.9167 0.4167 -0.4356 -0.4909 -0.7545
-59.1234 0 -59.1234 1 0.375 -0.7071 0 -0.7071
-41.8066 0 -72.4111 1 0.4167 -0.5 0 -0.866
-41.4569 -2.6098 -71.8055 0.9167 0.4167 -0.4356 -0.4909 -0.7545
-72.4111 0 -41.8066 0 0.3333 -0.866 0 -0.5
-71.8055 2.6098 -41.457 0.0833 0.3333 -0.7545 0.4909 -0.4356
-59.1234 0 -59.1234 0 0.375 -0.7071 0 -0.7071
-71.8055 2.6098 -41.457 0.0833 0.3333 -0.7545 0.4909 -0.4356
-58.6289 2.6098 -58.629 0.0833 0.375 -0.616 0.4909 -0.616
-59.1234 0 -59.1234 0 0.375 -0.7071 0 -0.7071
-71.8055 2.6098 -41.457 0.0833 0.3333 -0.7545 0.4909 -0.4356
-70.151 4.5203 -40.5017 0.1667 0.3333 -0.4467 0.8567 -0.2579
-58.6289 2.6098 -58.629 0.0833 0.375 -0.616 0.4909 -0.616
-70.151 4.5203 -40.5017 0.1667 0.3333 -0.4467 0.8567 -0.2579
-57.278 4.5203 -57.278 0.1667 0.375 -0.3647 0.8567 -0.3647
-58.6289 2.6098 -58.629 0.0833 0.375 -0.616 0.4909 -0.616
-70.151 4.5203 -40.5017 0.1667 0.3333 -0.4467 0.8567 -0.2579
-67.8908 5.2196 -39.1968 0.25 0.3333 -0.0187 0.9998 -0.0108
-57.278 4.5203 -57.278 0.1667 0.375 -0.3647 0.8567 -0.3647
-67.8908 5.2196 -39.1968 0.25 0.3333 -0.0187 0.9998 -0.0108
-55.4326 5.2196 -55.4327 0.25 0.375 -0.0152 0.9998 -0.0152
-57.278 4.5203 -57.278 0.1667 0.375 -0.3647 0.8567 -0.3647
-67.8908 5.2196 -39.1968 0.25 0.3333 -0.0187 0.9998 -0.0108
-65.6307 4.5203 -37.8919 0.3333 0.3333 0.4187 0.8753 0.2417
-55.4326 5.2196 -55.4327 0.25 0.375 -0.0152 0.9998 -0.0152
-65.6307 4.5203 -37.8919 0.3333 0.3333 0.4187 0.8753 0.2417
-53.5872 4.5203 -53.5873 0.3333 0.375 0.3419 0.8753 0.3419
-55.4326 5.2196 -55.4327 0.25 0.375 -0.0152 0.9998 -0.0152
-65.6307 4.5203 -37.8919 0.3333 0.3333 0.4187 0.8753 0.2417
-63.9762 2.6098 -36.9367 0.4167 0.3333 0.7452 0.5096 0.4302
-53.5872 4.5203 -53.5873 0.3333 0.375 0.3419 0.8753 0.3419
-63.9762 2.6098 -36.9367 0.4167 0.3333 0.7452 0.5096 0.4302
-52.2363 2.6098 -52.2363 0.4167 0.375 0.6084 0.5096 0.6084
-53.5872 4.5203 -53.5873 0.3333 0.375 0.3419 0.8753 0.3419
-63.9762 2.6098 -36.9367 0.4167 0.3333 0.7452 0.5096 0.4302
-63.3706 0 -36.587 0.5 0.3333 0.866 0 0.5
-52.2363 2.6098 -52.2363 0.4167 0.375 0.6084 0.5096 0.6084
-63.3706 0 -36.587 0.5 0.3333 0.866 0 0.5
-51.7418 0 -51.7419 0.5 0.375 0.7071 -0 0.7071
-52.2363 2.6098 -52.2363 0.4167 0.375 0.6084 0.5096 0.6084
-63.3706 0 -36.587 0.5 0.3333 0.866 0 0.5
-63.9762 -2.6098 -36.9367 0.5833 0.3333 0.7452 -0.5096 0.4302
-51.7418 0 -51.7419 0.5 0.375 0.7071 -0 0.7071
-63.9762 -2.6098 -36.9367 0.5833 0.3333 0.7452 -0.5096 0.4302
-52.2363 -2.6098 -52.2363 0.5833 0.375 0.6084 -0.5096 0.6084
-51.7418 0 -51.7419 0.5 0.375 0.7071 -0 0.7071
-63.9762 -2.6098 -36.9367 0.5833 0.3333 0.7452 -0.5096 0.4302
-65.6307 -4.5203 -37.8919 0.6667 0.3333 0.4187 -0.8753 0.2417
-52.2363 -2.6098 -52.2363 0.5833 0.375 0.6084 -0.5096 0.6084
-65.6307 -4.5203 -37.8919 0.6667 0.3333 0.4187 -0.8753 0.2417
-53.5872 -4.5203 -53.5873 0.6667 0.375 0.3419 -0.8753 0.3419
-52.2363 -2.6098 -52.2363 0.5833 0.375 0.6084 -0.5096 0.6084
-65.6307 -4.5203 -37.8919 0.6667 0.3333 0.4187 -0.8753 0.2417
-67.8908 -5.2196 -39.1968 0.75 0.3333 -0.0187 -0.9998 -0.0108
-53.5872 -4.5203 -53.5873 0.6667 0.375 0.3419 -0.8753 0.3419
-67.8908 -5.2196 -39.1968 0.75 0.3333 -0.0187 -0.9998 -0.0108
-55.4326 -5.2196 -55.4327 0.75 0.375 -0.0152 -0.9998 -0.0152
-53.5872 -4.5203 -53.5873 0.6667 0.375 0.3419 -0.8753 0.3419
-67.8908 -5.2196 -39.1968 0.75 0.3333 -0.0187 -0.9998 -0.0108
-70.151 -4.5203 -40.5017 0.8333 0.3333 -0.4467 -0.8567 -0.2579
-55.4326 -5.2196 -55.4327 0.75 0.375 -0.0152 -0.9998 -0.0152
-70.151 -4.5203 -40.5017 0.8333 0.3333 -0.4467 -0.8567 -0.2579
-57.278 -4.5203 -57.278 0.8333 0.375 -0.3647 -0.8567 -0.3647
-55.4326 -5.2196 -55.4327 0.75 0.375 -0.0152 -0.9998 -0.0152
-70.151 -4.5203 -40.5017 0.8333 0.3333 -0.4467 -0.8567 -0.2579
-71.8055 -2.6098 -41.457 0.9167 0.3333 -0.7545 -0.4909 -0.4356
-57.278 -4.5203 -57.278 0.8333 0.375 -0.3647 -0.8567 -0.3647
-71.8055 -2.6098 -41.457 0.9167 0.3333 -0.7545 -0.4909 -0.4356
-58.6289 -2.6098 -58.629 0.9167 0.375 -0.616 -0.4909 -0.616
-57.278 -4.5203 -57.278 0.8333 0.375 -0.3647 -0.8567 -0.3647
-71.8055 -2.6098 -41.457 0.9167 0.3333 -0.7545 -0.4909 -0.4356
-72.4111 0 -41.8066 1 0.3333 -0.866 0 -0.5
-58.6289 -2.6098 -58.629 0.9167 0.375 -0.616 -0.4909 -0.616
-72.4111 0 -41.8066 1 0.3333 -0.866 0 -0.5
-59.1234 0 -59.1234 1 0.375 -0.7071 0 -0.7071
-58.6289 -2.6098 -58.629 0.9167 0.375 -0.616 -0.4909 -0.616
-80.7641 0 -21.6407 0 0.2917 -0.9659 0 -0.2588
-80.0886 2.6098 -21.4597 0.0833 0.2917 -0.8415 0.4909 -0.2255
-72.4111 0 -41.8066 0 0.3333 -0.866 0 -0.5
-80.0886 2.6098 -21.4597 0.0833 0.2917 -0.8415 0.4909 -0.2255
-71.8055 2.6098 -41.457 0.0833 0.3333 -0.7545 0.4909 -0.4356
-72.4111 0 -41.8066 0 0.3333 -0.866 0 -0.5
-80.0886 2.6098 -21.4597 0.0833 0.2917 -0.8415 0.4909 -0.2255
-78.2432 4.5203 -20.9652 0.1667 0.2917 -0.4982 0.8567 -0.1335
-71.8055 2.6098 -41.457 0.0833 0.3333 -0.7545 0.4909 -0.4356
-78.2432 4.5203 -20.9652 0.1667 0.2917 -0.4982 0.8567 -0.1335
-70.151 4.5203 -40.5017 0.1667 0.3333 -0.4467 0.8567 -0.2579
-71.8055 2.6098 -41.457 0.0833 0.3333 -0.7545 0.4909 -0.4356
-78.2432 4.5203 -20.9652 0.1667 0.2917 -0.4982 0.8567 -0.1335
-75.7224 5.2196 -20.2898 0.25 0.2917 -0.0208 0.9998 -0.0056
-70.151 4.5203 -40.5017 0.1667 0.3333 -0.4467 0.8567 -0.2579
-75.7224 5.2196 -20.2898 0.25 0.2917 -0.0208 0.9998 -0.0056
-67.8908 5.2196 -39.1968 0.25 0.3333 -0.0187 0.9998 -0.0108
-70.151 4.5203 -40.5017 0.1667 0.3333 -0.4467 0.8567 -0.2579
-75.7224 5.2196 -20.2898 0.25 0.2917 -0.0208 0.9998 -0.0056
-73.2015 4.5203 -19.6143 0.3333 0.2917 0.467 0.8753 0.1251
-67.8908 5.2196 -39.1968 0.25 0.3333 -0.0187 0.9998 -0.0108
-73.2015 4.5203 -19.6143 0.3333 0.2917 0.467 0.8753 0.1251
-65.6307 4.5203 -37.8919 0.3333 0.3333 0.4187 0.8753 0.2417
-67.8908 5.2196 -39.1968 0.25 0.3333 -0.0187 0.9998 -0.0108
-73.2015 4.5203 -19.6143 0.3333 0.2917 0.467 0.8753 0.1251
-71.3561 2.6098 -19.1198 0.4167 0.2917 0.8311 0.5095 0.2227
-65.6307 4.5203 -37.8919 0.3333 0.3333 0.4187 0.8753 0.2417
-71.3561 2.6098 -19.1198 0.4167 0.2917 0.8311 0.5095 0.2227
-63.9762 2.6098 -36.9367 0.4167 0.3333 0.7452 0.5096 0.4302
-65.6307 4.5203 -37.8919 0.3333 0.3333 0.4187 0.8753 0.2417
-71.3561 2.6098 -19.1198 0.4167 0.2917 0.8311 0.5095 0.2227
-70.6807 0 -18.9389 0.5 0.2917 0.9659 0 0.2588
-63.9762 2.6098 -36.9367 0.4167 0.3333 0.7452 0.5096 0.4302
-70.6807 0 -18.9389 0.5 0.2917 0.9659 0 0.2588
-63.3706 0 -36.587 0.5 0.3333 0.866 0 0.5
-63.9762 2.6098 -36.9367 0.4167 0.3333 0.7452 0.5096 0.4302
-70.6807 0 -18.9389 0.5 0.2917 0.9659 0 0.2588
-71.3561 -2.6098 -19.1198 0.5833 0.2917 0.8311 -0.5095 0.2227
-63.3706 0 -36.587 0.5 0.3333 0.866 0 0.5
-71.3561 -2.6098 -19.1198 0.5833 0.2917 0.8311 -0.5095 0.2227
-63.9762 -2.6098 -36.9367 0.5833 0.3333 0.7452 -0.5096 0.4302
-63.3706 0 -36.587 0.5 0.3333 0.866 0 0.5
-71.3561 -2.6098 -19.1198 0.5833 0.2917 0.8311 -0.5095 0.2227
-73.2015 -4.5203 -19.6143 0.6667 0.2917 0.467 -0.8753 0.1251
-63.9762 -2.6098 -36.9367 0.5833 0.3333 0.7452 -0.5096 0.4302
-73.2015 -4.5203 -19.6143 0.6667 0.2917 0.467 -0.8753 0.1251
-65.6307 -4.5203 -37.8919 0.6667 0.3333 0.4187 -0.8753 0.2417
-63.9762 -2.6098 -36.9367 0.5833 0.3333 0.7452 -0.5096 0.4302
-73.2015 -4.5203 -19.6143 0.6667 0.2917 0.467 -0.8753 0.1251
-75.7224 -5.2196 -20.2898 0.75 0.2917 -0.0208 -0.9998 -0.0056
-65.6307 -4.5203 -37.8919 0.6667 0.3333 0.4187 -0.8753 0.2417
-75.7224 -5.2196 -20.2898 0.75 0.2917 -0.0208 -0.9998 -0.0056
-67.8908 -5.2196 -39.1968 0.75 0.3333 -0.0187 -0.9998 -0.0108
-65.6307 -4.5203 -37.8919 0.6667 0.3333 0.4187 -0.8753 0.2417
-75.7224 -5.2196 -20.2898 0.75 0.2917 -0.0208 -0.9998 -0.0056
-78.2432 -4.5203 -20.9652 0.8333 0.2917 -0.4982 -0.8567 -0.1335
-67.8908 -5.2196 -39.1968 0.75 0.3333 -0.0187 -0.9998 -0.0108
-78.2432 -4.5203 -20.9652 0.8333 0.2917 -0.4982 -0.8567 -0.1335
-70.151 -4.5203 -40.5017 0.8333 0.3333 -0.4467 -0.8567 -0.2579
-67.8908 -5.2196 -39.1968 0.75 0.3333 -0.0187 -0.9998 -0.0108
-78.2432 -4.5203 -20.9652 0.8333 0.2917 -0.4982 -0.8567 -0.1335
-80.0886 -2.6098 -21.4597 0.9167 0.2917 -0.8415 -0.4909 -0.2255
-70.151 -4.5203 -40.5017 0.8333 0.3333 -0.4467 -0.8567 -0.2579
-80.0886 -2.6098 -21.4597 0.9167 0.2917 -0.8415 -0.4909 -0.2255
-71.8055 -2.6098 -41.457 0.9167 0.3333 -0.7545 -0.4909 -0.4356
-70.151 -4.5203 -40.5017 0.8333 0.3333 -0.4467 -0.8567 -0.2579
-80.0886 -2.6098 -21.4597 0.9167 0.2917 -0.8415 -0.4909 -0.2255
-80.7641 0 -21.6407 1 0.2917 -0.9659 0 -0.2588
-71.8055 -2.6098 -41.457 0.9167 0.3333 -0.7545 -0.4909 -0.4356
-80.7641 0 -21.6407 1 0.2917 -0.9659 0 -0.2588
-72.4111 0 -41.8066 1 0.3333 -0.866 0 -0.5
-71.8055 -2.6098 -41.457 0.9167 0.3333 -0.7545 -0.4909 -0.4356
-83.6132 0 -0 0 0.25 -1 0 -0
-82.9139 2.6098 -0 0.0833 0.25 -0.8712 0.4909 -0
-80.7641 0 -21.6407 0 0.2917 -0.9659 0 -0.2588
-82.9139 2.6098 -0 0.0833 0.25 -0.8712 0.4909 -0
-80.0886 2.6098 -21.4597 0.0833 0.2917 -0.8415 0.4909 -0.2255
-80.7641 0 -21.6407 0 0.2917 -0.9659 0 -0.2588
-82.9139 2.6098 -0 0.0833 0.25 -0.8712 0.4909 -0
-81.0034 4.5203 -0 0.1667 0.25 -0.5158 0.8567 -0
-80.0886 2.6098 -21.4597 0.0833 0.2917 -0.8415 0.4909 -0.2255
-81.0034 4.5203 -0 0.1667 0.25 -0.5158 0.8567 -0
-78.2432 4.5203 -20.9652 0.1667 0.2917 -0.4982 0.8567 -0.1335
-80.0886 2.6098 -21.4597 0.0833 0.2917 -0.8415 0.4909 -0.2255
-81.0034 4.5203 -0 0.1667 0.25 -0.5158 0.8567 -0
-78.3936 5.2196 -0 0.25 0.25 -0.0216 0.9998 -0
-78.2432 4.5203 -20.9652 0.1667 0.2917 -0.4982 0.8567 -0.1335
-78.3936 5.2196 -0 0.25 0.25 -0.0216 0.9998 -0
-75.7224 5.2196 -20.2898 0.25 0.2917 -0.0208 0.9998 -0.0056
-78.2432 4.5203 -20.9652 0.1667 0.2917 -0.4982 0.8567 -0.1335
-78.3936 5.2196 -0 0.25 0.25 -0.0216 0.9998 -0
-75.7838 4.5203 -0 0.3333 0.25 0.4835 0.8753 0
-75.7224 5.2196 -20.2898 0.25 0.2917 -0.0208 0.9998 -0.0056
-75.7838 4.5203 -0 0.3333 0.25 0.4835 0.8753 0
-73.2015 4.5203 -19.6143 0.3333 0.2917 0.467 0.8753 0.1251
-75.7224 5.2196 -20.2898 0.25 0.2917 -0.0208 0.9998 -0.0056
-75.7838 4.5203 -0 0.3333 0.25 0.4835 0.8753 0
-73.8733 2.6098 -0 0.4167 0.25 0.8604 0.5096 0
-73.2015 4.5203 -19.6143 0.3333 0.2917 0.467 0.8753 0.1251
-73.8733 2.6098 -0 0.4167 0.25 0.8604 0.5096 0
-71.3561 2.6098 -19.1198 0.4167 0.2917 0.8311 0.5095 0.2227
-73.2015 4.5203 -19.6143 0.3333 0.2917 0.467 0.8753 0.1251
-73.8733 2.6098 -0 0.4167 0.25 0.8604 0.5096 0
-73.174 0 -0 0.5 0.25 1 -0 0
-71.3561 2.6098 -19.1198 0.4167 0.2917 0.8311 0.5095 0.2227
-73.174 0 -0 0.5 0.25 1 -0 0
-70.6807 0 -18.9389 0.5 0.2917 0.9659 0 0.2588
-71.3561 2.6098 -19.1198 0.4167 0.2917 0.8311 0.5095 0.2227
-73.174 0 -0 0.5 0.25 1 -0 0
-73.8733 -2.6098 -0 0.5833 0.25 0.8604 -0.5096 0
-70.6807 0 -18.9389 0.5 0.2917 0.9659 0 0.2588
-73.8733 -2.6098 -0 0.5833 0.25 0.8604 -0.5096 0
-71.3561 -2.6098 -19.1198 0.5833 0.2917 0.8311 -0.5095 0.2227
-70.6807 0 -18.9389 0.5 0.2917 0.9659 0 0.2588
-73.8733 -2.6098 -0 0.5833 0.25 0.8604 -0.5096 0
-75.7838 -4.5203 -0 0.6667 0.25 0.4835 -0.8753 0
-71.3561 -2.6098 -19.1198 0.5833 0.2917 0.8311 -0.5095 0.2227
-75.7838 -4.5203 -0 0.6667 0.25 0.4835 -0.8753 0
-73.2015 -4.5203 -19.6143 0.6667 0.2917 0.467 -0.8753 0.1251
-71.3561 -2.6098 -19.1198 0.5833 0.2917 0.8311 -0.5095 0.2227
-75.7838 -4.5203 -0 0.6667 0.25 0.4835 -0.8753 0
-78.3936 -5.2196 -0 0.75 0.25 -0.0216 -0.9998 -0
-73.2015 -4.5203 -19.6143 0.6667 0.2917 0.467 -0.8753 0.1251
-78.3936 -5.2196 -0 0.75 0.25 -0.0216 -0.9998 -0
-75.7224 -5.2196 -20.2898 0.75 0.2917 -0.0208 -0.9998 -0.0056
-73.2015 -4.5203 -19.6143 0.6667 0.2917 0.467 -0.8753 0.1251
-78.3936 -5.2196 -0 0.75 0.25 -0.0216 -0.9998 -0
-81.0034 -4.5203 -0 0.8333 0.25 -0.5158 -0.8567 -0
-75.7224 -5.2196 -20.2898 0.75 0.2917 -0.0208 -0.9998 -0.0056
-81.0034 -4.5203 -0 0.8333 0.25 -0.5158 -0.8567 -0
-78.2432 -4.5203 -20.9652 0.8333 0.2917 -0.4982 -0.8567 -0.1335
-75.7224 -5.2196 -20.2898 0.75 0.2917 -0.0208 -0.9998 -0.0056
-81.0034 -4.5203 -0 0.8333 0.25 -0.5158 -0.8567 -0
-82.9139 -2.6098 -0 0.9167 0.25 -0.8712 -0.4909 -0
-78.2432 -4.5203 -20.9652 0.8333 0.2917 -0.4982 -0.8567 -0.1335
-82.9139 -2.6098 -0 0.9167 0.25 -0.8712 -0.4909 -0
-80.0886 -2.6098 -21.4597 0.9167 0.2917 -0.8415 -0.4909 -0.2255
-78.2432 -4.5203 -20.9652 0.8333 0.2917 -0.4982 -0.8567 -0.1335
-82.9139 -2.6098 -0 0.9167 0.25 -0.8712 -0.4909 -0
-83.6132 0 -0 1 0.25 -1 0 -0
-80.0886 -2.6098 -21.4597 0.9167 0.2917 -0.8415 -0.4909 -0.2255
-83.6132 0 -0 1 0.25 -1 0 -0
-80.7641 0 -21.6407 1 0.2917 -0.9659 0 -0.2588
-80.0886 -2.6098 -21.4597 0.9167 0.2917 -0.8415 -0.4909 -0.2255
-80.7641 0 21.6406 0 0.2083 -0.9659 0 0.2588
-80.0887 2.6098 21.4597 0.0833 0.2083 -0.8415 0.4909 0.2255
-83.6132 0 -0 0 0.25 -1 0 -0
-80.0887 2.6098 21.4597 0.0833 0.2083 -0.8415 0.4909 0.2255
-82.9139 2.6098 -0 0.0833 0.25 -0.8712 0.4909 -0
-83.6132 0 -0 0 0.25 -1 0 -0
-80.0887 2.6098 21.4597 0.0833 0.2083 -0.8415 0.4909 0.2255
-78.2433 4.5203 20.9652 0.1667 0.2083 -0.4982 0.8567 0.1335
-82.9139 2.6098 -0 0.0833 0.25 -0.8712 0.4909 -0
-78.2433 4.5203 20.9652 0.1667 0.2083 -0.4982 0.8567 0.1335
-81.0034 4.5203 -0 0.1667 0.25 -0.5158 0.8567 -0
-82.9139 2.6098 -0 0.0833 0.25 -0.8712 0.4909 -0
-78.2433 4.5203 20.9652 0.1667 0.2083 -0.4982 0.8567 0.1335
-75.7224 5.2196 20.2897 0.25 0.2083 -0.0208 0.9998 0.0056
-81.0034 4.5203 -0 0.1667 0.25 -0.5158 0.8567 -0
-75.7224 5.2196 20.2897 0.25 0.2083 -0.0208 0.9998 0.0056
-78.3936 5.2196 -0 0.25 0.25 -0.0216 0.9998 -0
-81.0034 4.5203 -0 0.1667 0.25 -0.5158 0.8567 -0
-75.7224 5.2196 20.2897 0.25 0.2083 -0.0208 0.9998 0.0056
-73.2016 4.5203 19.6143 0.3333 0.2083 0.467 0.8753 -0.1251
-78.3936 5.2196 -0 0.25 0.25 -0.0216 0.9998 -0
-73.2016 4.5203 19.6143 0.3333 0.2083 0.467 0.8753 -0.1251
-75.7838 4.5203 -0 0.3333 0.25 0.4835 0.8753 0
-78.3936 5.2196 -0 0.25 0.25 -0.0216 0.9998 -0
-73.2016 4.5203 19.6143 0.3333 0.2083 0.467 0.8753 -0.1251
-71.3562 2.6098 19.1198 0.4167 0.2083 0.8311 0.5096 -0.2227
-75.7838 4.5203 -0 0.3333 0.25 0.4835 0.8753 0
-71.3562 2.6098 19.1198 0.4167 0.2083 0.8311 0.5096 -0.2227
-73.8733 2.6098 -0 0.4167 0.25 0.8604 0.5096 0
-75.7838 4.5203 -0 0.3333 0.25 0.4835 0.8753 0
-71.3562 2.6098 19.1198 0.4167 0.2083 0.8311 0.5096 -0.2227
-70.6807 0 18.9388 0.5 0.2083 0.9659 -0 -0.2588
-73.8733 2.6098 -0 0.4167 0.25 0.8604 0.5096 0
-70.6807 0 18.9388 0.5 0.2083 0.9659 -0 -0.2588
-73.174 0 -0 0.5 0.25 1 -0 0
-73.8733 2.6098 -0 0.4167 0.25 0.8604 0.5096 0
-70.6807 0 18.9388 0.5 0.2083 0.9659 -0 -0.2588
-71.3562 -2.6098 19.1198 0.5833 0.2083 0.8311 -0.5096 -0.2227
-73.174 0 -0 0.5 0.25 1 -0 0
-71.3562 -2.6098 19.1198 0.5833 0.2083 0.8311 -0.5096 -0.2227
-73.8733 -2.6098 -0 0.5833 0.25 0.8604 -0.5096 0
-73.174 0 -0 0.5 0.25 1 -0 0
-71.3562 -2.6098 19.1198 0.5833 0.2083 0.8311 -0.5096 -0.2227
-73.2016 -4.5203 19.6143 0.6667 0.2083 0.467 -0.8753 -0.1251
-73.8733 -2.6098 -0 0.5833 0.25 0.8604 -0.5096 0
-73.2016 -4.5203 19.6143 0.6667 0.2083 0.467 -0.8753 -0.1251
-75.7838 -4.5203 -0 0.6667 0.25 0.4835 -0.8753 0
-73.8733 -2.6098 -0 0.5833 0.25 0.8604 -0.5096 0
-73.2016 -4.5203 19.6143 0.6667 0.2083 0.467 -0.8753 -0.1251
-75.7224 -5.2196 20.2897 0.75 0.2083 -0.0208 -0.9998 0.0056
-75.7838 -4.5203 -0 0.6667 0.25 0.4835 -0.8753 0
-75.7224 -5.2196 20.2897 0.75 0.2083 -0.0208 -0.9998 0.0056
-78.3936 -5.2196 -0 0.75 0.25 -0.0216 -0.9998 -0
-75.7838 -4.5203 -0 0.6667 0.25 0.4835 -0.8753 0
-75.7224 -5.2196 20.2897 0.75 0.2083 -0.0208 -0.9998 0.0056
-78.2433 -4.5203 20.9652 0.8333 0.2083 -0.4982 -0.8567 0.1335
-78.3936 -5.2196 -0 0.75 0.25 -0.0216 -0.9998 -0
-78.2433 -4.5203 20.9652 0.8333 0.2083 -0.4982 -0.8567 0.1335
-81.0034 -4.5203 -0 0.8333 0.25 -0.5158 -0.8567 -0
-78.3936 -5.2196 -0 0.75 0.25 -0.0216 -0.9998 -0
-78.2433 -4.5203 20.9652 0.8333 0.2083 -0.4982 -0.8567 0.1335
-80.0887 -2.6098 21.4597 0.9167 0.2083 -0.8415 -0.4909 0.2255
-81.0034 -4.5203 -0 0.8333 0.25 -0.5158 -0.8567 -0
-80.0887 -2.6098 21.4597 0.9167 0.2083 -0.8415 -0.4909 0.2255
-82.9139 -2.6098 -0 0.9167 0.25 -0.8712 -0.4909 -0
-81.0034 -4.5203 -0 0.8333 0.25 -0.5158 -0.8567 -0
-80.0887 -2.6098 21.4597 0.9167 0.2083 -0.8415 -0.4909 0.2255
-80.7641 0 21.6406 1 0.2083 -0.9659 0 0.2588
-82.9139 -2.6098 -0 0.9167 0.25 -0.8712 -0.4909 -0
-80.7641 0 21.6406 1 0.2083 -0.9659 0 0.2588
-83.6132 0 -0 1 0.25 -1 0 -0
-82.9139 -2.6098 -0 0.9167 0.25 -0.8712 -0.4909 -0
-72.4111 0 41.8065 0 0.1667 -0.866 0 0.5
-71.8055 2.6098 41.4569 0.0833 0.1667 -0.7545 0.4909 0.4356
-80.7641 0 21.6406 0 0.2083 -0.9659 0 0.2588
-71.8055 2.6098 41.4569 0.0833 0.1667 -0.7545 0.4909 0.4356
-80.0887 2.6098 21.4597 0.0833 0.2083 -0.8415 0.4909 0.2255
-80.7641 0 21.6406 0 0.2083 -0.9659 0 0.2588
-71.8055 2.6098 41.4569 0.0833 0.1667 -0.7545 0.4909 0.4356
-70.151 4.5203 40.5017 0.1667 0.1667 -0.4467 0.8567 0.2579
-80.0887 2.6098 21.4597 0.0833 0.2083 -0.8415 0.4909 0.2255
-70.151 4.5203 40.5017 0.1667 0.1667 -0.4467 0.8567 0.2579
-78.2433 4.5203 20.9652 0.1667 0.2083 -0.4982 0.8567 0.1335
-80.0887 2.6098 21.4597 0.0833 0.2083 -0.8415 0.4909 0.2255
-70.151 4.5203 40.5017 0.1667 0.1667 -0.4467 0.8567 0.2579
-67.8909 5.2196 39.1968 0.25 0.1667 -0.0187 0.9998 0.0108
-78.2433 4.5203 20.9652 0.1667 0.2083 -0.4982 0.8567 0.1335
-67.8909 5.2196 39.1968 0.25 0.1667 -0.0187 0.9998 0.0108
-75.7224 5.2196 20.2897 0.25 0.2083 -0.0208 0.9998 0.0056
-78.2433 4.5203 20.9652 0.1667 0.2083 -0.4982 0.8567 0.1335
-67.8909 5.2196 39.1968 0.25 0.1667 -0.0187 0.9998 0.0108
-65.6307 4.5203 37.8919 0.3333 0.1667 0.4187 0.8753 -0.2417
-75.7224 5.2196 20.2897 0.25 0.2083 -0.0208 0.9998 0.0056
-65.6307 4.5203 37.8919 0.3333 0.1667 0.4187 0.8753 -0.2417
-73.2016 4.5203 19.6143 0.3333 0.2083 0.467 0.8753 -0.1251
-75.7224 5.2196 20.2897 0.25 0.2083 -0.0208 0.9998 0.0056
-65.6307 4.5203 37.8919 0.3333 0.1667 0.4187 0.8753 -0.2417
-63.9762 2.6098 36.9366 0.4167 0.1667 0.7452 0.5095 -0.4302
-73.2016 4.5203 19.6143 0.3333 0.2083 0.467 0.8753 -0.1251
-63.9762 2.6098 36.9366 0.4167 0.1667 0.7452 0.5095 -0.4302
-71.3562 2.6098 19.1198 0.4167 0.2083 0.8311 0.5096 -0.2227
-73.2016 4.5203 19.6143 0.3333 0.2083 0.467 0.8753 -0.1251
-63.9762 2.6098 36.9366 0.4167 0.1667 0.7452 0.5095 -0.4302
-63.3706 0 36.587 0.5 0.1667 0.866 0 -0.5
-71.3562 2.6098 19.1198 0.4167 0.2083 0.8311 0.5096 -0.2227
-63.3706 0 36.587 0.5 0.1667 0.866 0 -0.5
-70.6807 0 18.9388 0.5 0.2083 0.9659 -0 -0.2588
-71.3562 2.6098 19.1198 0.4167 0.2083 0.8311 0.5096 -0.2227
-63.3706 0 36.587 0.5 0.1667 0.866 0 -0.5
-63.9762 -2.6098 36.9366 0.5833 0.1667 0.7452 -0.5095 -0.4302
-70.6807 0 18.9388 0.5 0.2083 0.9659 -0 -0.2588
-63.9762 -2.6098 36.9366 0.5833 0.1667 0.7452 -0.5095 -0.4302
-71.3562 -2.6098 19.1198 0.5833 0.2083 0.8311 -0.5096 -0.2227
-70.6807 0 18.9388 0.5 0.2083 0.9659 -0 -0.2588
-63.9762 -2.6098 36.9366 0.5833 0.1667 0.7452 -0.5095 -0.4302
-65.6307 -4.5203 37.8919 0.6667 0.1667 0.4187 -0.8753 -0.2417
-71.3562 -2.6098 19.1198 0.5833 0.2083 0.8311 -0.5096 -0.2227
-65.6307 -4.5203 37.8919 0.6667 0.1667 0.4187 -0.8753 -0.2417
-73.2016 -4.5203 19.6143 0.6667 0.2083 0.467 -0.8753 -0.1251
-71.3562 -2.6098 19.1198 0.5833 0.2083 0.8311 -0.5096 -0.2227
-65.6307 -4.5203 37.8919 0.6667 0.1667 0.4187 -0.8753 -0.2417
-67.8909 -5.2196 39.1968 0.75 0.1667 -0.0187 -0.9998 0.0108
-73.2016 -4.5203 19.6143 0.6667 0.2083 0.467 -0.8753 -0.1251
-67.8909 -5.2196 39.1968 0.75 0.1667 -0.0187 -0.9998 0.0108
-75.7224 -5.2196 20.2897 0.75 0.2083 -0.0208 -0.9998 0.0056
-73.2016 -4.5203 19.6143 0.6667 0.2083 0.467 -0.8753 -0.1251
-67.8909 -5.2196 39.1968 0.75 0.1667 -0.0187 -0.9998 0.0108
-70.151 -4.5203 40.5017 0.8333 0.1667 -0.4467 -0.8567 0.2579
-75.7224 -5.2196 20.2897 0.75 0.2083 -0.0208 -0.9998 0.0056
-70.151 -4.5203 40.5017 0.8333 0.1667 -0.4467 -0.8567 0.2579
-78.2433 -4.5203 20.9652 0.8333 0.2083 -0.4982 -0.8567 0.1335
-75.7224 -5.2196 20.2897 0.75 0.2083 -0.0208 -0.9998 0.0056
-70.151 -4.5203 40.5017 0.8333 0.1667 -0.4467 -0.8567 0.2579
-71.8055 -2.6098 41.4569 0.9167 0.1667 -0.7545 -0.4909 0.4356
-78.2433 -4.5203 20.9652 0.8333 0.2083 -0.4982 -0.8567 0.1335
-71.8055 -2.6098 41.4569 0.9167 0.1667 -0.7545 -0.4909 0.4356
-80.0887 -2.6098 21.4597 0.9167 0.2083 -0.8415 -0.4909 0.2255
-78.2433 -4.5203 20.9652 0.8333 0.2083 -0.4982 -0.8567 0.1335
-71.8055 -2.6098 41.4569 0.9167 0.1667 -0.7545 -0.4909 0.4356
-72.4111 0 41.8065 1 0.1667 -0.866 0 0.5
-80.0887 -2.6098 21.4597 0.9167 0.2083 -0.8415 -0.4909 0.2255
-72.4111 0 41.8065 1 0.1667 -0.866 0 0.5
-80.7641 0 21.6406 1 0.2083 -0.9659 0 0.2588
-80.0887 -2.6098 21.4597 0.9167 0.2083 -0.8415 -0.4909 0.2255
-59.1235 0 59.1234 0 0.125 -0.7071 0 0.7071
-58.629 2.6098 58.6289 0.0833 0.125 -0.616 0.4909 0.616
-72.4111 0 41.8065 0 0.1667 -0.866 0 0.5
-58.629 2.6098 58.6289 0.0833 0.125 -0.616 0.4909 0.616
-71.8055 2.6098 41.4569 0.0833 0.1667 -0.7545 0.4909 0.4356
-72.4111 0 41.8065 0 0.1667 -0.866 0 0.5
-58.629 2.6098 58.6289 0.0833 0.125 -0.616 0.4909 0.616
-57.2781 4.5203 57.278 0.1667 0.125 -0.3647 0.8567 0.3647
-71.8055 2.6098 41.4569 0.0833 0.1667 -0.7545 0.4909 0.4356
-57.2781 4.5203 57.278 0.1667 0.125 -0.3647 0.8567 0.3647
-70.151 4.5203 40.5017 0.1667 0.1667 -0.4467 0.8567 0.2579
-71.8055 2.6098 41.4569 0.0833 0.1667 -0.7545 0.4909 0.4356
-57.2781 4.5203 57.278 0.1667 0.125 -0.3647 0.8567 0.3647
-55.4327 5.2196 55.4326 0.25 0.125 -0.0152 0.9998 0.0152
-70.151 4.5203 40.5017 0.1667 0.1667 -0.4467 0.8567 0.2579
-55.4327 5.2196 55.4326 0.25 0.125 -0.0152 0.9998 0.0152
-67.8909 5.2196 39.1968 0.25 0.1667 -0.0187 0.9998 0.0108
-70.151 4.5203 40.5017 0.1667 0.1667 -0.4467 0.8567 0.2579
-55.4327 5.2196 55.4326 0.25 0.125 -0.0152 0.9998 0.0152
-53.5873 4.5203 53.5872 0.3333 0.125 0.3419 0.8753 -0.3419
-67.8909 5.2196 39.1968 0.25 0.1667 -0.0187 0.9998 0.0108
-53.5873 4.5203 53.5872 0.3333 0.125 0.3419 0.8753 -0.3419
-65.6307 4.5203 37.8919 0.3333 0.1667 0.4187 0.8753 -0.2417
-67.8909 5.2196 39.1968 0.25 0.1667 -0.0187 0.9998 0.0108
-53.5873 4.5203 53.5872 0.3333 0.125 0.3419 0.8753 -0.3419
-52.2364 2.6098 52.2363 0.4167 0.125 0.6084 0.5096 -0.6084
-65.6307 4.5203 37.8919 0.3333 0.1667 0.4187 0.8753 -0.2417
-52.2364 2.6098 52.2363 0.4167 0.125 0.6084 0.5096 -0.6084
-63.9762 2.6098 36.9366 0.4167 0.1667 0.7452 0.5095 -0.4302
-65.6307 4.5203 37.8919 0.3333 0.1667 0.4187 0.8753 -0.2417
-52.2364 2.6098 52.2363 0.4167 0.125 0.6084 0.5096 -0.6084
-51.7419 0 51.7418 0.5 0.125 0.7071 0 -0.7071
-63.9762 2.6098 36.9366 0.4167 0.1667 0.7452 0.5095 -0.4302
-51.7419 0 51.7418 0.5 0.125 0.7071 0 -0.7071
-63.3706 0 36.587 0.5 0.1667 0.866 0 -0.5
-63.9762 2.6098 36.9366 0.4167 0.1667 0.7452 0.5095 -0.4302
-51.7419 0 51.7418 0.5 0.125 0.7071 0 -0.7071
-52.2364 -2.6098 52.2363 0.5833 0.125 0.6084 -0.5096 -0.6084
-63.3706 0 36.587 0.5 0.1667 0.866 0 -0.5
-52.2364 -2.6098 52.2363 0.5833 0.125 0.6084 -0.5096 -0.6084
-63.9762 -2.6098 36.9366 0.5833 0.1667 0.7452 -0.5095 -0.4302
-63.3706 0 36.587 0.5 0.1667 0.866 0 -0.5
-52.2364 -2.6098 52.2363 0.5833 0.125 0.6084 -0.5096 -0.6084
-53.5873 -4.5203 53.5872 0.6667 0.125 0.3419 -0.8753 -0.3419
-63.9762 -2.6098 36.9366 0.5833 0.1667 0.7452 -0.5095 -0.4302
-53.5873 -4.5203 53.5872 0.6667 0.125 0.3419 -0.8753 -0.3419
-65.6307 -4.5203 37.8919 0.6667 0.1667 0.4187 -0.8753 -0.2417
-63.9762 -2.6098 36.9366 0.5833 0.1667 0.7452 -0.5095 -0.4302
-53.5873 -4.5203 53.5872 0.6667 0.125 0.3419 -0.8753 -0.3419
-55.4327 -5.2196 55.4326 0.75 0.125 -0.0152 -0.9998 0.0152
-65.6307 -4.5203 37.8919 0.6667 0.1667 0.4187 -0.8753 -0.2417
-55.4327 -5.2196 55.4326 0.75 0.125 -0.0152 -0.9998 0.0152
-67.8909 -5.2196 39.1968 0.75 0.1667 -0.0187 -0.9998 0.0108
-65.6307 -4.5203 37.8919 0.6667 0.1667 0.4187 -0.8753 -0.2417
-55.4327 -5.2196 55.4326 0.75 0.125 -0.0152 -0.9998 0.0152
-57.2781 -4.5203 57.278 0.8333 0.125 -0.3647 -0.8567 0.3647
-67.8909 -5.2196 39.1968 0.75 0.1667 -0.0187 -0.9998 0.0108
-57.2781 -4.5203 57.278 0.8333 0.125 -0.3647 -0.8567 0.3647
-70.151 -4.5203 40.5017 0.8333 0.1667 -0.4467 -0.8567 0.2579
-67.8909 -5.2196 39.1968 0.75 0.1667 -0.0187 -0.9998 0.0108
-57.2781 -4.5203 57.278 0.8333 0.125 -0.3647 -0.8567 0.3647
-58.629 -2.6098 58.6289 0.9167 0.125 -0.616 -0.4909 0.616
-70.151 -4.5203 40.5017 0.8333 0.1667 -0.4467 -0.8567 0.2579
-58.629 -2.6098 58.6289 0.9167 0.125 -0.616 -0.4909 0.616
-71.8055 -2.6098 41.4569 0.9167 0.1667 -0.7545 -0.4909 0.4356
-70.151 -4.5203 40.5017 0.8333 0.1667 -0.4467 -0.8567 0.2579
-58.629 -2.6098 58.6289 0.9167 0.125 -0.616 -0.4909 0.616
-59.1235 0 59.1234 1 0.125 -0.7071 0 0.7071
-71.8055 -2.6098 41.4569 0.9167 0.1667 -0.7545 -0.4909 0.4356
-59.1235 0 59.1234 1 0.125 -0.7071 0 0.7071
-72.4111 0 41.8065 1 0.1667 -0.866 0 0.5
-71.8055 -2.6098 41.4569 0.9167 0.1667 -0.7545 -0.4909 0.4356
-41.8066 0 72.4111 0 0.0833 -0.5 0 0.866
-41.457 2.6098 71.8055 0.0833 0.0833 -0.4356 0.4909 0.7545
-59.1235 0 59.1234 0 0.125 -0.7071 0 0.7071
-41.457 2.6098 71.8055 0.0833 0.0833 -0.4356 0.4909 0.7545
-58.629 2.6098 58.6289 0.0833 0.125 -0.616 0.4909 0.616
-59.1235 0 59.1234 0 0.125 -0.7071 0 0.7071
-41.457 2.6098 71.8055 0.0833 0.0833 -0.4356 0.4909 0.7545
-40.5017 4.5203 70.151 0.1667 0.0833 -0.2579 0.8567 0.4467
-58.629 2.6098 58.6289 0.0833 0.125 -0.616 0.4909 0.616
-40.5017 4.5203 70.151 0.1667 0.0833 -0.2579 0.8567 0.4467
-57.2781 4.5203 57.278 0.1667 0.125 -0.3647 0.8567 0.3647
-58.629 2.6098 58.6289 0.0833 0.125 -0.616 0.4909 0.616
-40.5017 4.5203 70.151 0.1667 0.0833 -0.2579 0.8567 0.4467
-39.1968 5.2196 67.8908 0.25 0.0833 -0.0108 0.9998 0.0187
-57.2781 4.5203 57.278 0.1667 0.125 -0.3647 0.8567 0.3647
-39.1968 5.2196 67.8908 0.25 0.0833 -0.0108 0.9998 0.0187
-55.4327 5.2196 55.4326 0.25 0.125 -0.0152 0.9998 0.0152
-57.2781 4.5203 57.278 0.1667 0.125 -0.3647 0.8567 0.3647
-39.1968 5.2196 67.8908 0.25 0.0833 -0.0108 0.9998 0.0187
-37.8919 4.5203 65.6307 0.3333 0.0833 0.2417 0.8753 -0.4187
-55.4327 5.2196 55.4326 0.25 0.125 -0.0152 0.9998 0.0152
-37.8919 4.5203 65.6307 0.3333 0.0833 0.2417 0.8753 -0.4187
-53.5873 4.5203 53.5872 0.3333 0.125 0.3419 0.8753 -0.3419
-55.4327 5.2196 55.4326 0.25 0.125 -0.0152 0.9998 0.0152
-37.8919 4.5203 65.6307 0.3333 0.0833 0.2417 0.8753 -0.4187
-36.9367 2.6098 63.9762 0.4167 0.0833 0.4302 0.5095 -0.7452
-53.5873 4.5203 53.5872 0.3333 0.125 0.3419 0.8753 -0.3419
-36.9367 2.6098 63.9762 0.4167 0.0833 0.4302 0.5095 -0.7452
-52.2364 2.6098 52.2363 0.4167 0.125 0.6084 0.5096 -0.6084
-53.5873 4.5203 53.5872 0.3333 0.125 0.3419 0.8753 -0.3419
-36.9367 2.6098 63.9762 0.4167 0.0833 0.4302 0.5095 -0.7452
-36.587 0 63.3706 0.5 0.0833 0.5 -0 -0.866
-52.2364 2.6098 52.2363 0.4167 0.125 0.6084 0.5096 -0.6084
-36.587 0 63.3706 0.5 0.0833 0.5 -0 -0.866
-51.7419 0 51.7418 0.5 0.125 0.7071 0 -0.7071
-52.2364 2.6098 52.2363 0.4167 0.125 0.6084 0.5096 -0.6084
-36.587 0 63.3706 0.5 0.0833 0.5 -0 -0.866
-36.9367 -2.6098 63.9762 0.5833 0.0833 0.4302 -0.5095 -0.7452
-51.7419 0 51.7418 0.5 0.125 0.7071 0 -0.7071
-36.9367 -2.6098 63.9762 0.5833 0.0833 0.4302 -0.5095 -0.7452
-52.2364 -2.6098 52.2363 0.5833 0.125 0.6084 -0.5096 -0.6084
-51.7419 0 51.7418 0.5 0.125 0.7071 0 -0.7071
-36.9367 -2.6098 63.9762 0.5833 0.0833 0.4302 -0.5095 -0.7452
-37.8919 -4.5203 65.6307 0.6667 0.0833 0.2417 -0.8753 -0.4187
-52.2364 -2.6098 52.2363 0.5833 0.125 0.6084 -0.5096 -0.6084
-37.8919 -4.5203 65.6307 0.6667 0.0833 0.2417 -0.8753 -0.4187
-53.5873 -4.5203 53.5872 0.6667 0.125 0.3419 -0.8753 -0.3419
-52.2364 -2.6098 52.2363 0.5833 0.125 0.6084 -0.5096 -0.6084
-37.8919 -4.5203 65.6307 0.6667 0.0833 0.2417 -0.8753 -0.4187
-39.1968 -5.2196 67.8908 0.75 0.0833 -0.0108 -0.9998 0.0187
-53.5873 -4.5203 53.5872 0.6667 0.125 0.3419 -0.8753 -0.3419
-39.1968 -5.2196 67.8908 0.75 0.0833 -0.0108 -0.9998 0.0187
-55.4327 -5.2196 55.4326 0.75 0.125 -0.0152 -0.9998 0.0152
-53.5873 -4.5203 53.5872 0.6667 0.125 0.3419 -0.8753 -0.3419
-39.1968 -5.2196 67.8908 0.75 0.0833 -0.0108 -0.9998 0.0187
-40.5017 -4.5203 70.151 0.8333 0.0833 -0.2579 -0.8567 0.4467
-55.4327 -5.2196 55.4326 0.75 0.125 -0.0152 -0.9998 0.0152
-40.5017 -4.5203 70.151 0.8333 0.0833 -0.2579 -0.8567 0.4467
-57.2781 -4.5203 57.278 0.8333 0.125 -0.3647 -0.8567 0.3647
-55.4327 -5.2196 55.4326 0.75 0.125 -0.0152 -0.9998 0.0152
-40.5017 -4.5203 70.151 0.8333 0.0833 -0.2579 -0.8567 0.4467
-41.457 -2.6098 71.8055 0.9167 0.0833 -0.4356 -0.4909 0.7545
-57.2781 -4.5203 57.278 0.8333 0.125 -0.3647 -0.8567 0.3647
-41.457 -2.6098 71.8055 0.9167 0.0833 -0.4356 -0.4909 0.7545
-58.629 -2.6098 58.6289 0.9167 0.125 -0.616 -0.4909 0.616
-57.2781 -4.5203 57.278 0.8333 0.125 -0.3647 -0.8567 0.3647
-41.457 -2.6098 71.8055 0.9167 0.0833 -0.4356 -0.4909 0.7545
-41.8066 0 72.4111 1 0.0833 -0.5 0 0.866
-58.629 -2.6098 58.6289 0.9167 0.125 -0.616 -0.4909 0.616
-41.8066 0 72.4111 1 0.0833 -0.5 0 0.866
-59.1235 0 59.1234 1 0.125 -0.7071 0 0.7071
-58.629 -2.6098 58.6289 0.9167 0.125 -0.616 -0.4909 0.616
-21.6407 0 80.7641 0 0.0417 -0.2588 0 0.9659
-21.4597 2.6098 80.0886 0.0833 0.0417 -0.2255 0.4909 0.8415
-41.8066 0 72.4111 0 0.0833 -0.5 0 0.866
-21.4597 2.6098 80.0886 0.0833 0.0417 -0.2255 0.4909 0.8415
-41.457 2.6098 71.8055 0.0833 0.0833 -0.4356 0.4909 0.7545
-41.8066 0 72.4111 0 0.0833 -0.5 0 0.866
-21.4597 2.6098 80.0886 0.0833 0.0417 -0.2255 0.4909 0.8415
-20.9652 4.5203 78.2432 0.1667 0.0417 -0.1335 0.8567 0.4982
-41.457 2.6098 71.8055 0.0833 0.0833 -0.4356 0.4909 0.7545
-20.9652 4.5203 78.2432 0.1667 0.0417 -0.1335 0.8567 0.4982
-40.5017 4.5203 70.151 0.1667 0.0833 -0.2579 0.8567 0.4467
-41.457 2.6098 71.8055 0.0833 0.0833 -0.4356 0.4909 0.7545
-20.9652 4.5203 78.2432 0.1667 0.0417 -0.1335 0.8567 0.4982
-20.2898 5.2196 75.7224 0.25 0.0417 -0.0056 0.9998 0.0208
-40.5017 4.5203 70.151 0.1667 0.0833 -0.2579 0.8567 0.4467
-20.2898 5.2196 75.7224 0.25 0.0417 -0.0056 0.9998 0.0208
-39.1968 5.2196 67.8908 0.25 0.0833 -0.0108 0.9998 0.0187
-40.5017 4.5203 70.151 0.1667 0.0833 -0.2579 0.8567 0.4467
-20.2898 5.2196 75.7224 0.25 0.0417 -0.0056 0.9998 0.0208
-19.6143 4.5203 73.2015 0.3333 0.0417 0.1251 0.8753 -0.467
-39.1968 5.2196 67.8908 0.25 0.0833 -0.0108 0.9998 0.0187
-19.6143 4.5203 73.2015 0.3333 0.0417 0.1251 0.8753 -0.467
-37.8919 4.5203 65.6307 0.3333 0.0833 0.2417 0.8753 -0.4187
-39.1968 5.2196 67.8908 0.25 0.0833 -0.0108 0.9998 0.0187
-19.6143 4.5203 73.2015 0.3333 0.0417 0.1251 0.8753 -0.467
-19.1199 2.6098 71.3561 0.4167 0.0417 0.2227 0.5096 -0.8311
-37.8919 4.5203 65.6307 0.3333 0.0833 0.2417 0.8753 -0.4187
-19.1199 2.6098 71.3561 0.4167 0.0417 0.2227 0.5096 -0.8311
-36.9367 2.6098 63.9762 0.4167 0.0833 0.4302 0.5095 -0.7452
-37.8919 4.5203 65.6307 0.3333 0.0833 0.2417 0.8753 -0.4187
-19.1199 2.6098 71.3561 0.4167 0.0417 0.2227 0.5096 -0.8311
-18.9389 0 70.6807 0.5 0.0417 0.2588 0 -0.9659
-36.9367 2.6098 63.9762 0.4167 0.0833 0.4302 0.5095 -0.7452
-18.9389 0 70.6807 0.5 0.0417 0.2588 0 -0.9659
-36.587 0 63.3706 0.5 0.0833 0.5 -0 -0.866
-36.9367 2.6098 63.9762 0.4167 0.0833 0.4302 0.5095 -0.7452
-18.9389 0 70.6807 0.5 0.0417 0.2588 0 -0.9659
-19.1199 -2.6098 71.3561 0.5833 0.0417 0.2227 -0.5095 -0.8311
-36.587 0 63.3706 0.5 0.0833 0.5 -0 -0.866
-19.1199 -2.6098 71.3561 0.5833 0.0417 0.2227 -0.5095 -0.8311
-36.9367 -2.6098 63.9762 0.5833 0.0833 0.4302 -0.5095 -0.7452
-36.587 0 63.3706 0.5 0.0833 0.5 -0 -0.866
-19.1199 -2.6098 71.3561 0.5833 0.0417 0.2227 -0.5095 -0.8311
-19.6143 -4.5203 73.2015 0.6667 0.0417 0.1251 -0.8753 -0.467
-36.9367 -2.6098 63.9762 0.5833 0.0833 0.4302 -0.5095 -0.7452
-19.6143 -4.5203 73.2015 0.6667 0.0417 0.1251 -0.8753 -0.467
-37.8919 -4.5203 65.6307 0.6667 0.0833 0.2417 -0.8753 -0.4187
-36.9367 -2.6098 63.9762 0.5833 0.0833 0.4302 -0.5095 -0.7452
-19.6143 -4.5203 73.2015 0.6667 0.0417 0.1251 -0.8753 -0.467
-20.2898 -5.2196 75.7224 0.75 0.0417 -0.0056 -0.9998 0.0208
-37.8919 -4.5203 65.6307 0.6667 0.0833 0.2417 -0.8753 -0.4187
-20.2898 -5.2196 75.7224 0.75 0.0417 -0.0056 -0.9998 0.0208
-39.1968 -5.2196 67.8908 0.75 0.0833 -0.0108 -0.9998 0.0187
-37.8919 -4.5203 65.6307 0.6667 0.0833 0.2417 -0.8753 -0.4187
-20.2898 -5.2196 75.7224 0.75 0.0417 -0.0056 -0.9998 0.0208
-20.9652 -4.5203 78.2432 0.8333 0.0417 -0.1335 -0.8567 0.4982
-39.1968 -5.2196 67.8908 0.75 0.0833 -0.0108 -0.9998 0.0187
-20.9652 -4.5203 78.2432 0.8333 0.0417 -0.1335 -0.8567 0.4982
-40.5017 -4.5203 70.151 0.8333 0.0833 -0.2579 -0.8567 0.4467
-39.1968 -5.2196 67.8908 0.75 0.0833 -0.0108 -0.9998 0.0187
-20.9652 -4.5203 78.2432 0.8333 0.0417 -0.1335 -0.8567 0.4982
-21.4597 -2.6098 80.0886 0.9167 0.0417 -0.2255 -0.4909 0.8415
-40.5017 -4.5203 70.151 0.8333 0.0833 -0.2579 -0.8567 0.4467
-21.4597 -2.6098 80.0886 0.9167 0.0417 -0.2255 -0.4909 0.8415
-41.457 -2.6098 71.8055 0.9167 0.0833 -0.4356 -0.4909 0.7545
-40.5017 -4.5203 70.151 0.8333 0.0833 -0.2579 -0.8567 0.4467
-21.4597 -2.6098 80.0886 0.9167 0.0417 -0.2255 -0.4909 0.8415
-21.6407 0 80.7641 1 0.0417 -0.2588 0 0.9659
-41.457 -2.6098 71.8055 0.9167 0.0833 -0.4356 -0.4909 0.7545
-21.6407 0 80.7641 1 0.0417 -0.2588 0 0.9659
-41.8066 0 72.4111 1 0.0833 -0.5 0 0.866
-41.457 -2.6098 71.8055 0.9167 0.0833 -0.4356 -0.4909 0.7545
-0 0 83.6132 0 0 -0 0 1
-0 2.6098 82.9139 0.0833 0 -0 0.4909 0.8712
-21.6407 0 80.7641 0 0.0417 -0.2588 0 0.9659
-0 2.6098 82.9139 0.0833 0 -0 0.4909 0.8712
-21.4597 2.6098 80.0886 0.0833 0.0417 -0.2255 0.4909 0.8415
-21.6407 0 80.7641 0 0.0417 -0.2588 0 0.9659
-0 2.6098 82.9139 0.0833 0 -0 0.4909 0.8712
-0 4.5203 81.0034 0.1667 0 -0 0.8567 0.5158
-21.4597 2.6098 80.0886 0.0833 0.0417 -0.2255 0.4909 0.8415
-0 4.5203 81.0034 0.1667 0 -0 0.8567 0.5158
-20.9652 4.5203 78.2432 0.1667 0.0417 -0.1335 0.8567 0.4982
-21.4597 2.6098 80.0886 0.0833 0.0417 -0.2255 0.4909 0.8415
-0 4.5203 81.0034 0.1667 0 -0 0.8567 0.5158
-0 5.2196 78.3936 0.25 0 -0 0.9998 0.0216
-20.9652 4.5203 78.2432 0.1667 0.0417 -0.1335 0.8567 0.4982
-0 5.2196 78.3936 0.25 0 -0 0.9998 0.0216
-20.2898 5.2196 75.7224 0.25 0.0417 -0.0056 0.9998 0.0208
-20.9652 4.5203 78.2432 0.1667 0.0417 -0.1335 0.8567 0.4982
-0 5.2196 78.3936 0.25 0 -0 0.9998 0.0216
-0 4.5203 75.7838 0.3333 0 0 0.8753 -0.4835
-20.2898 5.2196 75.7224 0.25 0.0417 -0.0056 0.9998 0.0208
-0 4.5203 75.7838 0.3333 0 0 0.8753 -0.4835
-19.6143 4.5203 73.2015 0.3333 0.0417 0.1251 0.8753 -0.467
-20.2898 5.2196 75.7224 0.25 0.0417 -0.0056 0.9998 0.0208
-0 4.5203 75.7838 0.3333 0 0 0.8753 -0.4835
-0 2.6098 73.8733 0.4167 0 0 0.5096 -0.8604
-19.6143 4.5203 73.2015 0.3333 0.0417 0.1251 0.8753 -0.467
-0 2.6098 73.8733 0.4167 0 0 0.5096 -0.8604
-19.1199 2.6098 71.3561 0.4167 0.0417 0.2227 0.5096 -0.8311
-19.6143 4.5203 73.2015 0.3333 0.0417 0.1251 0.8753 -0.467
-0 2.6098 73.8733 0.4167 0 0 0.5096 -0.8604
-0 0 73.174 0.5 0 0 0 -1
-19.1199 2.6098 71.3561 0.4167 0.0417 0.2227 0.5096 -0.8311
-0 0 73.174 0.5 0 0 0 -1
-18.9389 0 70.6807 0.5 0.0417 0.2588 0 -0.9659
-19.1199 2.6098 71.3561 0.4167 0.0417 0.2227 0.5096 -0.8311
-0 0 73.174 0.5 0 0 0 -1
-0 -2.6098 73.8733 0.5833 0 0 -0.5096 -0.8604
-18.9389 0 70.6807 0.5 0.0417 0.2588 0 -0.9659
-0 -2.6098 73.8733 0.5833 0 0 -0.5096 -0.8604
-19.1199 -2.6098 71.3561 0.5833 0.0417 0.2227 -0.5095 -0.8311
-18.9389 0 70.6807 0.5 0.0417 0.2588 0 -0.9659
-0 -2.6098 73.8733 0.5833 0 0 -0.5096 -0.8604
-0 -4.5203 75.7838 0.6667 0 0 -0.8753 -0.4835
-19.1199 -2.6098 71.3561 0.5833 0.0417 0.2227 -0.5095 -0.8311
-0 -4.5203 75.7838 0.6667 0 0 -0.8753 -0.4835
-19.6143 -4.5203 73.2015 0.6667 0.0417 0.1251 -0.8753 -0.467
-19.1199 -2.6098 71.3561 0.5833 0.0417 0.2227 -0.5095 -0.8311
-0 -4.5203 75.7838 0.6667 0 0 -0.8753 -0.4835
-0 -5.2196 78.3936 0.75 0 0 -0.9998 0.0216
-19.6143 -4.5203 73.2015 0.6667 0.0417 0.1251 -0.8753 -0.467
-0 -5.2196 78.3936 0.75 0 0 -0.9998 0.0216
-20.2898 -5.2196 75.7224 0.75 0.0417 -0.0056 -0.9998 0.0208
-19.6143 -4.5203 73.2015 0.6667 0.0417 0.1251 -0.8753 -0.467
-0 -5.2196 78.3936 0.75 0 0 -0.9998 0.0216
-0 -4.5203 81.0034 0.8333 0 -0 -0.8567 0.5158
-20.2898 -5.2196 75.7224 0.75 0.0417 -0.0056 -0.9998 0.0208
-0 -4.5203 81.0034 0.8333 0 -0 -0.8567 0.5158
-20.9652 -4.5203 78.2432 0.8333 0.0417 -0.1335 -0.8567 0.4982
-20.2898 -5.2196 75.7224 0.75 0.0417 -0.0056 -0.9998 0.0208
-0 -4.5203 81.0034 0.8333 0 -0 -0.8567 0.5158
-0 -2.6098 82.9139 0.9167 0 -0 -0.4909 0.8712
-20.9652 -4.5203 78.2432 0.8333 0.0417 -0.1335 -0.8567 0.4982
-0 -2.6098 82.9139 0.9167 0 -0 -0.4909 0.8712
-21.4597 -2.6098 80.0886 0.9167 0.0417 -0.2255 -0.4909 0.8415
-20.9652 -4.5203 78.2432 0.8333 0.0417 -0.1335 -0.8567 0.4982
-0 -2.6098 82.9139 0.9167 0 -0 -0.4909 0.8712
-0 0 83.6132 1 0 -0 0 1
-21.4597 -2.6098 80.0886 0.9167 0.0417 -0.2255 -0.4909 0.8415
-0 0 83.6132 1 0 -0 0 1
-21.6407 0 80.7641 1 0.0417 -0.2588 0 0.9659
-21.4597 -2.6098 80.0886 0.9167 0.0417 -0.2255 -0.4909 0.8415
